-14085.212370153407
-12247.824184339288
-5272.473043455607
-21855.695306680736
-24324.041275519638
-21688.969290515473
-8646.355506648051
-8181.156453877142
-11706.737422259657
-11025.568149439083
-15515.778837355727
-16577.795392109965
-14999.160761589414
-15772.649083242557
-17781.50189768607
-16385.80395285541
-24846.220749939752
-15170.104521806485
-5096.232098797928
-15053.445977103116
-6791.4743647399055
-16191.828423097068
-23052.823326701702
-17493.885089690335
-12428.950287822949
-14009.62584647626
-13262.211935259491
-16012.698609744546
-20044.541181792833
-9065.71935078123
-13946.920608557475
-2472.0296739450146
-2581.1232683413455
-10892.46106286963
-33331.24718593931
-15136.089201961378
-18477.95502248064
-17276.36869577495
-56284.50332407589
-17331.01378676211
-1023.444734818372
-14582.99856647688
-12505.068841180422
-17521.34552841229
-16807.81343035747
-4410.904273298791
-8734.81125525717
-14700.717824700016
-25679.558198619325
-11869.134939528047
-15055.402813552455
-8541.395209861881
-12839.312400586094
-19916.719323577905
-10461.943355177815
-13888.36989129753
-26271.674022830965
-10780.291163434093
-13894.31605337823
-18263.987257984438
-16623.236352949018
-14048.560565374219
-9469.16403272564
-16248.79037733672
-14732.507966969564
-4.954379611224098
-24489.192166659082
-18689.738726443393
-17206.72959212934
-16022.082594359217
-11216.847192192557
-4871.757317579347
-12278.279627962605
-16207.35743918317
-328.1718222469987
-5697.707600784643
-16331.62715657886
-17423.788098097026
-27275.318235641378
-16223.926710791404
-12480.226182915221
-20185.588279732456
-883.6859949964652
-15937.903922385567
-15636.299317095549
-16426.150480411532
-16572.070363709227
-16334.047771657326
-10929.915356345016
-15029.892330469194
-13093.08710027494
-14680.761369106302
-15871.86047878143
-12479.741798041774
-11310.856404803972
-15351.23850157518
-11431.231808853914
-4139.000265926928
-23252.168337406667
-24529.968615642152
-981.1731311215386
-16324.07553176492
-13475.5116240479
-3751.866450340424
-8859.45156656397
-15992.571955610676
-15765.54281173542
-15284.272416245432
-15247.962755108567
-1978.8317334318044
-32751.382844544074
-58.02573092011618
-8905.370710424393
-10740.116391248595
-92.30405670416214
-17611.440762322985
-15063.343330664311
-8781.6644919979
-13247.553360415757
-14416.856595147017
-15400.261296969375
-305.68251798299457
-788.9960388087252
-14980.359355281242
-10802.211447047053
-17790.4696942332
-28759.05820609202
-12415.162776808114
-13906.554396429265
-602.3864293274748
-16146.025896894482
-15245.35594271894
-17364.0501295362
-14394.053911030538
-6925.52308413365
-15075.710631042459
-15530.36489502591
-12997.687290212236
-10372.843784516852
-24797.952696739518
-12687.927653255083
-791.0011366321693
-21540.457767389318
-8215.653635734609
-16032.904841955353
-17477.419742129598
-22846.397378050093
-14813.33040813387
-6225.322568459888
-16703.707074225826
-13917.056488707063
-10787.753037252633
-10801.53692181932
-16456.623694752478
-15525.41650263648
-14545.955543761633
-12541.84825539805
-531.6125841971991
-6900.344944582224
-14875.053135203827
-2509.448066338641
-15431.87420042922
-15321.492882661765
-9146.633137865756
-10728.914169045813
-13190.666371731302
-17267.8892265739
-21939.623201942493
-13167.2302956638
-262.3343395144772
-10694.347945432692
-29028.09060343964
-15602.919856766423
-16367.480897781867
-13836.413584322676
-851.0809805041646
-12740.177431653075
-14927.512905149284
-16363.231400133174
-17450.40111314091
-341.40688859590665
-9627.47092527138
-14999.05048244308
-16644.71478037203
-14302.479142835726
-21407.521226858353
-12193.06783785695
-13676.161102276863
-10851.561250077679
-21578.883897968306
-5910.554569574438
-13619.78873765792
-340.519496334248
-16433.425028099326
-30404.81617978577
-15919.76062742476
-12141.927884613238
-21451.74695136209
-14891.632398884858
-2153.740536842407
-10113.119513935937
-19294.515001472853
-12934.11443868706
-15686.557744764683
-15927.630979101592
-13803.870551914275
-15747.307890483205
-13354.16705255367
-26580.977518555414
-18948.529644553233
-14552.587966383895
-13102.712070497353
-11680.761095599997
-17476.999634649783
-2057.1042467571515
-11047.429536012165
-14546.659461058489
-14779.936683556203
-18573.15496277098
-13640.841815819105
-5437.491935613767
-8756.83131150466
-15954.651034083518
-14807.039811092
-14787.111537061493
-14237.622368992688
-15288.451956402356
-13958.35777543291
-14502.358872246486
-13308.019035040117
-15608.953814295879
-17220.978758986876
-22155.42763343247
-14473.827365637015
-15417.505772712735
-17893.74538684166
-13085.662437111689
-18370.40806948589
-20476.818447600752
-15100.507319828494
-17731.621893770593
-11013.029058544384
-15717.893558146963
-7452.475815634176
-19261.870875530796
-13684.748873570026
-10630.173026052149
-889.0870910572746
-7966.115741345781
-15942.683838931938
-4145.864343317531
-15401.356475462275
-15052.677001981963
-8517.100782318683
-13026.478321632798
-10032.12902414519
-17772.254150687346
-6287.447224907785
-11713.288760286454
-9084.879183661687
-13758.555949513682
-6687.674683027698
-23073.13407563662
-1612.373649475842
-16715.982661142356
-22441.68804328133
-9506.35251074739
-13896.86087675727
-17073.85303528693
-2910.6096103572354
-14747.84447264604
-15331.478413123637
-2321.91378857955
-15995.485555986486
-14709.58796321098
-12521.190429161608
-11373.055442804598
-10505.464871621869
-5014.1465308290535
-16985.73663957313
-8348.094388229672
-6794.8728495570995
-15031.943453518323
-18132.893570472086
-6795.367348196514
-14424.871797344036
-16652.418860204147
-11140.430711368077
-3162.4141108789927
-15766.62963992781
-16453.18860763665
-31747.15568642926
-15457.83359953931
-22143.224421250623
-13276.151418238363
-1324.478481310365
-13088.493902618273
-7675.091715207801
-27198.116201352015
-9595.011678731125
-7535.123389944961
-9669.50017187706
-21290.560677595906
-14263.846522866581
-14071.94114617775
-11965.811697487501
-14834.23212962168
-638.0010165356725
-18619.223630926877
-16178.825211991532
-44149.779243426325
-13240.130092760202
-761.7787653219737
-2095.6955082440427
-15229.330046697429
-9029.141005070927
-17504.298127611455
-37537.11617056319
-18137.93056139521
-10022.834577360243
-19418.234592476423
-11590.958830516929
-16086.626894600542
-21764.548697743852
-24276.73225419297
-14795.200220768975
-15381.778518826275
-6359.749276042516
-11179.86419210242
-16835.598887486492
-16875.482601478918
-17065.962168659997
-11289.618560435052
-12365.123978662225
-6188.039325100126
-8376.269465915997
-9917.16254038427
-14637.83471175037
-16998.143586749695
-16351.920635268492
-18618.91041351619
-11284.227325534299
-15583.98896068001
-22053.68646558379
-3570.3365463971145
-15613.464792397175
-24318.917989863323
-6238.168596530944
-11787.539308161333
-281.657528749751
-13510.30264340447
-16211.37095414719
-20866.07173992211
-14519.473466524536
-11774.423474509513
-15388.522645786443
-14544.04589768442
-7257.244975729979
-18685.91307890521
-1734.7233800851704
-22119.492612456525
-12534.480618134981
-16541.9895910259
-16268.343567995893
-15861.233321224274
-10367.055442588216
-14863.826777988614
-15270.912219401123
-14456.160243408527
-20702.44859836642
-12085.305475927933
-21474.55351933721
-1149.5015782862833
-20411.735911460262
-15415.61417530626
-14032.777262711483
-6410.583750395314
-137344.54625909793
-15442.199113682045
-15837.479572222981
-4.309576423904796
-5370.669337809014
-9863.7379300987
-11748.727925747264
-1559.2763763141666
-15715.628771859214
-2206.012532641714
-16796.55531872796
-11638.323995134691
-15274.126788245165
-15699.955716670514
-17030.25433682798
-5353.794006000578
-13619.290209681902
-18998.760483398088
-16271.779566075502
-5825.427062964842
-11802.0238639835
-31493.939607310684
-15566.157285828725
-277.904622479157
-47.90622850551376
-12458.749961377069
-15779.516905484596
-10077.37840201772
-15250.467587190715
-14467.402229727373
-16118.926143058145
-13082.677646346327
-17439.080130277085
-14991.780783223076
-880.3251112271288
-60793.15883748974
-0.5575456424826322
-7764.867624833758
-15829.44606856129
-12446.525127057865
-125.13060298359089
-18384.045300271566
-17240.391002562123
-7171.378716563815
-15541.045294188561
-9845.00243709723
-7443.876050372956
-10132.529763962
-18058.980399301814
-8422.931020800734
-10450.177038995767
-10306.653550060339
-40.254392737747914
-9734.657950031578
-19851.07016444575
-402.7446202000103
-49303.09642496597
-13357.282202692717
-6124.01677493099
-9949.945485506902
-18371.667820221017
-6444.909527155088
-14728.339627804049
-15118.061990449218
-22961.280187898985
-4152.6290923745755
-17362.93003415643
-15321.333368782922
-1412.7869763631227
-15493.726477948007
-12285.755245779554
-4221.667904817468
-17394.345514814402
-19382.872581295906
-15304.573277423493
-14772.964767677408
-2.078052302126401
-9723.15156326718
-16184.359772389516
-15139.351618022773
-23617.13560505978
-23423.32975340877
-18185.36011151283
-14862.737106792887
-17310.56169148758
-2167.973120502193
-12224.081259380511
-15137.434286462962
-17961.449606918333
-18520.673682746026
-15539.520042001332
-24033.975841508483
-1130.9109190840745
-15658.368274256618
-32160.057252610804
-15393.120943585714
-17810.67862983481
-79850.15320562557
-14257.029924842296
-56060.19428807047
-8826.664976231448
-14823.514850034679
-16540.331230217194
-12323.308627935194
-6444.3130259991185
-4635.516482839001
-3678.208056711498
-15036.115801658174
-15764.31739581018
-28604.928878341674
-13913.656399626081
-11214.711154440753
-13598.077446698524
-8690.106544783863
-13931.706306001244
-17028.392680276305
-13379.913866493875
-14863.761638273134
-21483.765298249396
-5246.156496295923
-13071.906119146804
-9726.795359412923
-14845.53788041291
-17307.172076665312
-13245.001706292513
-9036.542294617506
-16195.57103955132
-17319.37568349349
-13476.618614508521
-17242.762679225223
-2466.8668716659045
-15784.599281851015
-9769.944731068552
-6883.4648452289575
-18966.0697732635
-940.8653962593786
-14891.119818418858
-15177.450963088182
-13442.951756832432
-17142.95066984259
-5758.804187619092
-14261.059681383545
-15369.809401347577
-968.503060839808
-20171.413832196304
-1466.596291996997
-11900.098715905026
-15056.790376168496
-12524.561480078733
-16106.677276935103
-22121.561263231346
-20756.170089526975
-4919.048080673421
-11036.142376769802
-25750.183878605134
-12380.143677226628
-12087.116244293595
-424.8795380179378
-17478.16092672462
-16521.998359291407
-30938.46832753106
-23117.808560370497
-12284.180368429608
-19675.689828784794
-10513.319549747768
-14307.157086659787
-458.59035523525125
-13635.376325349758
-14868.782682016807
-13505.998742303145
-13691.48054112282
-17160.63392760003
-16169.071844877108
-19475.36172093398
-417.12721167768103
-15982.994724595581
-13398.18200779455
-1979.4112804527456
-11510.874956421318
-14968.331885776994
-14328.296383042645
-7663.672194017158
-4174.206963067523
-11860.355403658217
-15778.626878499255
-17011.750136264025
-5398.924939618923
-17861.66237124058
-23679.08815811139
-9736.213569713858
-17379.72057679841
-19931.71033744849
-13235.566456431427
-1565.362667807991
-18689.881595849864
-13411.836284726023
-71963.93376821358
-16964.32410450332
-162.34186789072913
-1468.6114350679616
-14839.415464993319
-15342.107364030478
-14266.628486768632
-17309.5687634933
-15154.215208120433
-9593.978195757149
-13380.313529513594
-19832.0141244261
-18307.257680149447
-18159.45968230176
-14024.905316188606
-13127.82828441561
-12246.573603493418
-801.4902315955229
-15805.640543422302
-3920.742564589671
-9762.390674968248
-2142.243260075569
-14367.668955111047
-14249.343135640656
-15604.036590358102
-21788.190154499483
-12494.800177758401
-29137.013582079035
-16240.52232358392
-14.95694176659514
-16310.13037073008
-43994.32110756571
-734.5805076534492
-7.1643132690650475
-13884.697747537
-15548.083271285084
-10061.947899817273
-1808.864308763773
-10682.474557763786
-26446.738302565
-10472.20198851017
-10303.543915781813
-14424.292011809754
-10567.71726133785
-15645.453478308476
-249.50154840361353
-18509.46239060287
-11893.925782837454
-12317.427215992351
-13843.78898274331
-9945.586652487174
-16325.20267133328
-15722.278620985544
-14407.377270546378
-16117.526613956816
-743.3073624060585
-14476.804339949938
-19428.022249230256
-13903.45942129043
-15411.815038474033
-2011.5343424003577
-2064.834535793437
-82.03480366340344
-1654.2601724366045
-22319.9779279491
-822.235270748729
-39384.94863910116
-22140.097267557056
-13027.853019775976
-7178.731390119599
-15604.568596909743
-9497.367626840018
-15641.50280156083
-14930.74068419225
-18293.52609208862
-1511.141811499959
-8250.79443583802
-10404.563461621043
-14730.398178706408
-24019.991779136075
-15257.769161156028
-14090.451937857075
-21205.723163232655
-13635.453521584386
-24916.48838788505
-18468.970280966896
-1661.9012289339307
-3791.028054466949
-7497.621521913613
-13547.818050959924
-15807.4955399292
-18203.410512947376
-24195.430607542163
-15440.970592855372
-15115.443363168259
-20307.136479475244
-14287.003610102212
-17118.244070363784
-16148.821730639442
-14872.702908700985
-9283.019970561114
-7393.4099277433415
-16335.540638880524
-1487.4240887254618
-15650.300549427944
-13107.576367982554
-18037.92383742695
-4454.2111442377345
-14049.304477143547
-12517.717771837451
-22615.653998633574
-2680.4264696894797
-15334.543071829366
-7517.9836019045115
-8845.921992442642
-16484.908206020904
-27999.879798082395
-15516.87889998884
-15031.662729390378
-4296.819347606931
-2200.6437866727215
-22642.660619288137
-18851.103066725933
-14110.496606539433
-11343.737286479232
-11313.320577097189
-7252.421372709078
-13275.82151415353
-13349.747916926224
-20999.632511986863
-13293.613836142516
-8284.002327424998
-7905.215028026418
-14188.702635034737
-21355.17406020137
-14028.207601802642
-2131.9655137191744
-12525.014403212874
-14038.469822222598
-16241.096031050067
-23677.507688280195
-26395.896436719366
-242.61118029728783
-22708.39487382647
-15431.922154369327
-24447.837371688962
-20285.004344916062
-8330.45871179774
-16746.976879305552
-16153.446018583027
-16010.056402178558
-15060.464262987274
-12709.414075762823
-17299.3556856543
-20275.576449266344
-12297.047265015042
-18924.421687177408
-16512.773530583054
-17811.007746670693
-17803.18471396235
-13455.168743392063
-16869.811205445872
-25416.062906203708
-17134.670101440373
-9374.077617444289
-16676.1274903391
-20975.49192625153
-15752.680885502748
-13378.83768767712
-14626.898683144173
-3070.488633047658
-15402.529949929556
-15523.022983591958
-9039.798003334283
-8475.445323727896
-10012.426643724213
-724.9411805329302
-16317.628058064962
-20903.821373550752
-17529.333201637568
-20538.39632174277
-15124.901775893779
-12611.702409966985
-13906.981297277332
-16733.502595459533
-2.248880099438653
-2274.682908941999
-10450.698396014646
-15898.809582137432
-20435.322167867405
-16004.721168479766
-13110.844808155043
-13286.708924239487
-10359.997165619117
-14114.591475407651
-20629.53420237223
-7614.301059530129
-9669.506787615397
-0.12409040700633675
-12107.447345984921
-1439.4391820615747
-10927.69748643429
-317.4194872414459
-25308.765729564704
-17998.892290112854
-15474.910507950837
-14002.360370633154
-13418.527739825759
-11083.259949492402
-7366.724865158582
-9104.089013896713
-12058.92739867629
-15519.010788160813
-14605.587718044493
-11057.947956010907
-2530.1576583263527
-10803.56810261409
-20459.257546482757
-14906.379253725941
-15329.57046053889
-7189.669619561107
-16220.298901033319
-17989.140297399284
-25321.686710530947
-17466.940102616183
-13048.240104340146
-13926.182401742915
-15781.688054412421
-3618.081860170702
-8338.348758140442
-10647.129409729456
-32188.147514062293
-17541.71154330577
-1884.6428860910007
-16113.665893143796
-15031.088536561958
-15210.238680811906
-3462.072487696145
-13506.6580423824
-15685.950711697526
-1888.4726904739707
-14647.131650052765
-15372.69685753051
-18757.654744034164
-15622.449511384415
-1175.5579137166817
-15415.122155883553
-15420.302016939155
-11022.515838641695
-16077.264457639276
-12735.182187131819
-35149.33398042058
-7880.148541067734
-11334.542208763056
-3284.0162530831
-17483.461825406157
-12093.82306350503
-12814.087307981605
-14196.0751159845
-19779.713838049858
-22980.82527720647
-17847.373716725415
-17006.07080831004
-8244.340892679995
-12615.837407667548
-14861.681173420295
-4849.355488837879
-16610.18172525799
-15507.181697768394
-11110.06177720198
-15861.348494957148
-16478.297747028595
-11790.724560589284
-15783.06780356516
-20.74302536536552
-7061.215478250727
-12049.647297225196
-11801.039574918894
-14986.673995612085
-5407.766278467913
-14.759687801519158
-8747.983920950328
-4227.446562520703
-1915.5763873352244
-13336.20107380488
-15804.128365109502
-15539.454056742064
-32554.068309056267
-9884.777688163851
-598.6917005320354
-17117.656993462217
-17673.826994700215
-5419.319927839972
-13291.316508820826
-17212.962409136577
-15125.81321331917
-13462.399294199131
-526.6376742532402
-16829.069356392287
-15805.452251939832
-1832.3691724326777
-12582.362184934786
-17304.74186931481
-5428.3438655549635
-6694.499930997454
-5299.986724619206
-15532.014466475057
-16193.043153939598
-9958.663611858763
-27113.6959026255
-14242.675561104666
-13186.852978563598
-4568.277411112627
-14355.703274204401
-18557.82358484584
-15013.344153854885
-14765.43701218379
-12302.506054224008
-9912.71660737339
-15936.954866655196
-20526.43703724285
-9671.597760716815
-15988.734974879899
-16352.02560488319
-15649.138700107582
-302.45039787480744
-13574.767350633558
-13534.745431076712
-15048.163624439267
-3803.3439547634903
-15551.18708927517
-28755.37160102037
-33.05449517248055
-7057.416574388605
-8483.451303140138
-11792.022987363389
-17362.399793978395
-17125.312516472182
-2803.6887448966804
-14699.141943810917
-18120.455033652288
-33121.59390988473
-8580.164599107358
-116.70208321595092
-12755.837722995115
-20169.008601961927
-14135.6705958845
-14078.047527125898
-12287.500739567979
-23970.03197589037
-18009.508213763085
-14712.004973514337
-15326.74953762396
-6868.081292745362
-10074.097219551071
-19438.138831665943
-42561.84896798629
-13289.432651141702
-19349.7089212071
-27880.12211678382
-8131.7958624618195
-18893.315220333778
-1241.8558203269788
-5.090942429627393
-12468.825857893673
-19342.32830038099
-15756.01729171437
-10479.514132074786
-18572.280680729644
-18922.385187702163
-28358.5741389079
-12613.217859757526
-13528.43282592916
-424.09168808260847
-14129.760779203294
-1076.6198403319001
-12054.448521597838
-14505.524794495164
-192.71870301221958
-19618.167425552136
-229.4051693255452
-12738.638177579276
-15021.859209585225
-27599.640115772054
-25637.540391055853
-11381.36265876211
-17868.085866862875
-2307.6637253706904
-14189.680859791677
-8859.209662831294
-17246.88564011156
-14734.419285606298
-11682.008276808958
-10939.888309321697
-11439.622857708931
-620.3653551425782
-14040.060921894823
-13289.74205506631
-1822.195204898591
-21049.41717467825
-207.64368068962338
-29702.137628318193
-17056.896413183516
-23968.96039968973
-54481.69390923511
-13172.042174443515
-20639.934184137564
-14774.435858665418
-7672.4630173515125
-13673.300918840823
-14695.21370000843
-13564.234522864512
-17482.610329759395
-11072.005929227811
-5214.646699227201
-8423.839589825962
-15006.02090230042
-19483.61527320669
-1138.3249698103057
-25579.436475211227
-11773.829535784122
-12330.299623657513
-18776.095050901815
-22767.20418235562
-14077.340600231504
-15922.873450785331
-23001.62755195692
-13920.203371260393
-11937.313101719144
-16839.349041210422
-8684.282490124378
-8232.8410733655
-14233.595404257749
-16419.33470645682
-910.2055120275434
-16583.769501046412
-35410.749268024236
-12095.122770069189
-15914.009848941658
-12084.712317153724
-15832.409249810215
-21703.93764375489
-19010.038750767893
-10897.627804204809
-15156.37787731274
-12793.449537663308
-14902.720804556022
-18477.54134530917
-9941.641456434378
-6730.336627377079
-16212.080370960275
-16174.985225770672
-14544.444924681973
-17451.591150875098
-12486.372028746475
-13814.659418933721
-12951.341305287475
-14252.568450545032
-15434.059743880338
-10531.278841701942
-18423.30842770798
-15565.635881570679
-6050.862228118324
-16640.619684745958
-1855.5701481563715
-7665.093825194702
-17539.49350971787
-19031.859878224524
-15144.495128145001
-2884.159904238756
-15581.935922966251
-14618.190299281816
-607.1391036424257
-18091.62614208165
-14968.363644377343
-16033.2857540952
-16031.885996406538
-17342.86172431762
-18949.28089994106
-8595.769601716127
-8878.724617800519
-15593.192556863862
-11542.563840363098
-15870.126823884142
-18863.243936166054
-18890.196386722822
-6413.716608296861
-15161.639343591192
-10941.119674454834
-18397.89439643862
-117815.6061207662
-17565.05700952474
-1675.989570035907
-12329.184264348309
-9589.863808016582
-13859.976878622598
-14883.423206208614
-14389.922292643778
-18875.489282639304
-23567.50223919963
-20456.067277053477
-28951.35266319495
-26473.656867456433
-26395.575894221434
-15319.470268993222
-15702.833020720756
-7833.714081246019
-1313.2811473106296
-10684.907201908822
-6642.071899821456
-4012.1457447482776
-2417.0140672576727
-4385.163243859996
-18864.35109745506
-12524.695320369963
-11316.563075151738
-15684.609975490017
-16964.774416726155
-19554.026978659276
-14512.067848251578
-17388.49187659751
-14983.878602843948
-1748.5793611179156
-12279.597169666262
-1100.0771748568927
-2118.233576774309
-14989.735044910462
-10357.293924715455
-10275.623691132596
-13674.442699206722
-41746.41660460124
-16542.149591540317
-29685.424936624982
-10747.125598324996
-20483.37050994387
-13177.528307380297
-0.9092969054258494
-14839.825451982528
-12819.385386915394
-20379.520763034572
-18629.70647773782
-20292.47335190183
-8603.147263107148
-3565.3271621629738
-20726.29125491017
-17524.238031901084
-20553.247896315504
-16714.904594446976
-15536.672680053633
-15209.735709535227
-7846.441103157853
-15225.919130573962
-1000.9347768890696
-5529.071340503395
-27554.041982279065
-13841.971976638197
-8362.041936296468
-15685.388288543962
-9826.104322869804
-14025.870952441359
-16195.999322093887
-19038.562087298025
-1590.212684719081
-31299.72868740356
-18903.56786503286
-8636.355248279775
-19620.464761945193
-7146.72176888592
-13798.744743300029
-14900.86508676653
-10102.675497428045
-6494.0403399211555
-8478.381095216066
-14963.94952574329
-18603.019922723768
-9492.165934061453
-27738.358574334306
-19015.28751027667
-14327.739591253705
-32.90338408207722
-13902.008732974702
-15723.274077419786
-15988.894613254919
-337.38871954449553
-7189.503158310465
-12538.317326975573
-8873.694853124092
-25819.467987598433
-22234.30979338765
-15400.624707579043
-17041.328236915917
-10001.442142238027
-15737.01414111241
-16852.290623085104
-11935.573506157301
-15158.880335997894
-14568.33151353373
-4221.309089291673
-12907.007456438849
-6026.3430510634025
-1753.6627004397353
-17004.064280794708
-11984.135727610255
-15290.724608621525
-25719.52885204125
-6768.307304175542
-3093.4896785687633
-15965.973759916369
-17721.871988621584
-18184.776598083576
-13526.328371912135
-14912.82643491454
-7563.425932823158
-7144.52099326455
-10900.462358017241
-17935.2316749593
-19493.088274427708
-30933.044320006225
-929.9439309717964
-15730.932817955663
-21962.901165183317
-13581.319004511528
-15405.084344410596
-16009.014463517084
-12394.69433053537
-12093.280953893836
-5475.899416492817
-9022.897267714936
-15561.730203381254
-10773.532099391652
-14062.6162013361
-15184.146316279717
-11238.471309410648
-24575.3304507689
-16020.611017656685
-15136.882662226479
-13828.92215361722
-14259.781261555348
-18496.504040993248
-4208.912085441497
-5140.298580494195
-15956.846486775785
-13754.621641228903
-21039.480720402247
-5566.841712959223
-18163.70328771212
-16297.40648647843
-16270.338605489076
-15238.59528580752
-17508.234223696207
-5742.609508071123
-14958.123381912366
-14211.614713197165
-240.29668490063492
-16108.592327770471
-16044.187774986825
-648.5325692500813
-14195.564117800242
-10606.073025080314
-12536.975606106598
-21027.725714634493
-16643.335803976548
-18658.812174958228
-17836.424203661092
-16538.29986149382
-15605.718591984723
-12421.542879619728
-19256.83645136764
-23889.27789437465
-9594.72553550192
-890.4211586762352
-8685.732823315284
-19296.46032995322
-14266.617762830703
-3446.519025199312
-12499.663538606295
-17982.345455545226
-30999.080059794247
-7137.712240221678
-19819.503285597537
-15133.912809277113
-16041.318575486888
-1630.5523992116869
-15957.104551468425
-15516.025894888851
-4815.3957753782925
-7102.767996929178
-16041.743684030858
-32147.359963823903
-13243.020443041381
-18496.360009836877
-15383.694416322049
-12508.234073744408
-5291.56076139857
-8546.420403477343
-16000.844498385384
-4646.678450486335
-19076.32576094038
-360.3440112562581
-16916.083947907544
-15894.470478708998
-16174.112987576258
-3772.707788430244
-15251.135084444095
-6372.921968488141
-15708.990094469003
-15216.61954113309
-14268.38112166009
-7635.207716467338
-14548.01438000554
-16664.622207766137
-14642.983532715129
-13360.046914951743
-491.4043756058253
-15965.474464001552
-14490.202551934044
-17633.362973005307
-13533.171706233621
-5016.213858594477
-23893.893626900157
-18804.908334121505
-11293.354379374061
-15776.446636111963
-3884.318295013028
-15713.811653614031
-599.6156653047487
-215.11716906248606
-9827.701221951147
-11108.562826846764
-15231.55309185485
-15299.44890608975
-15490.209131244897
-2376.8109782222787
-10596.217203691665
-15736.022434887009
-19896.30899702803
-7710.057577079157
-16416.884720986895
-12733.126701920164
-15249.77397013628
-13966.023152826487
-16186.95586294378
-17149.96697639802
-13754.047842208858
-27078.12369239224
-16006.036243278806
-711.9825401871699
-0.3424596264715735
-13115.136095787402
-32066.9468317687
-6757.728789218173
-16052.04906498205
-4156.338709992643
-11238.55375525918
-8041.251122105059
-10721.661002798368
-18767.536373076717
-6871.181013613722
-15990.28269503409
-6799.398587420279
-15357.178597158745
-13546.392818490518
-18367.802769799055
-5888.117895018394
-9572.760269958138
-6366.572102408481
-2374.704919763683
-18288.62071250724
-15791.95273892333
-16758.73066584435
-17260.78149084513
-10382.520938328527
-15216.632458584772
-12637.588202368137
-14411.770139177466
-8758.803821995965
-12611.981775623073
-15890.754293278955
-4128.360531342185
-15939.40478447445
-14821.397448905662
-8721.226938246537
-8401.913270725616
-15402.244215102957
-10.526286250963187
-10686.538277693902
-14096.680672159338
-14302.796874584303
-16490.30404266166
-29777.079815393125
-14531.248880107963
-2281.5350893287427
-18176.408985253096
-14432.562174354023
-11837.19089614921
-10271.324749516314
-16720.53124999099
-17837.909109633325
-10249.601697744612
-10951.12151630525
-17264.497439549927
-17165.255422566082
-11579.89707798628
-3136.379035599705
-10420.052225080546
-14384.111696316977
-13469.01385828545
-13606.305069040318
-4751.5416499071325
-1826.4842985771047
-10906.28148144877
-14263.739076874183
-19695.5431486388
-700.3955734667416
-11802.645833951776
-17686.940273886514
-16110.030422170645
-14014.705680944142
-20723.68300599979
-4812.955091098157
-59554.98874305124
-15926.941661158693
-12711.180844885763
-14562.51340396132
-25965.918093708635
-15524.793895038512
-2476.2179391792683
-15693.138826753728
-19152.362064763995
-15678.41897014099
-16482.88140869122
-11295.90152179673
-15330.560852019948
-931.9157884258291
-15866.619978894993
-8824.442077156791
-16699.096512204418
-15875.727782452286
-16449.208793935082
-15339.030153971507
-13007.273282398784
-163568.5648510056
-14689.817376559431
-10632.499005780748
-1419.160776126192
-17444.231392267753
-20493.6814938691
-14803.271994587925
-18273.819351088227
-15118.25399517379
-6515.66324240551
-6898.707131498649
-4486.332632968013
-20986.26677613588
-15620.098347515133
-16682.818402534238
-2004.1857703953456
-12543.015187548915
-15375.154908705224
-19945.303991049484
-9400.878375928649
-13361.442158866821
-11677.614241919096
-25201.472643594658
-13267.057083659909
-11740.617026045393
-21898.9191701311
-16694.760432164538
-8726.306336178519
-8595.901417160572
-41.07230854665588
-16291.571097052134
-15554.584809094731
-24130.434739760607
-15117.45016754571
-15554.17372878626
-14401.598965394714
-460.34817302950717
-18691.96901917019
-52574.702189337215
-19399.340908565846
-9198.085346730159
-6024.841478268436
-192.66587519923297
-14118.60192082745
-7251.095299088386
-7937.016669420504
-1103.1860701212827
-14725.338624467297
-10753.096774731504
-22027.262836171714
-16716.43077797153
-13655.182183704193
-10551.495757109771
-5958.479847681234
-17401.41586624008
-16060.427353303814
-13094.342328235127
-141.64852146085417
-14162.382950409368
-13437.768722460125
-8454.919535643437
-15626.853135888383
-20980.836471487302
-2878.0280447355262
-27759.04523731518
-20127.385656208582
-5635.036093650077
-15164.306539386684
-6525.213565215746
-19009.627818640853
-23120.632830430844
-6.1241853463351426
-16230.744809245045
-18635.934992914976
-8535.44091818763
-15746.31329106195
-9146.50579350257
-566.1827984356412
-3859.3209679619495
-16124.680982703565
-11261.31301148886
-12608.114489123514
-10676.449761118043
-22843.451696395554
-16836.045740772905
-15461.750150986853
-14707.33516664037
-16930.797420246337
-29632.312184182163
-442.7601315661966
-16955.99466980886
-14876.746913766898
-23216.86819097129
-11807.25307956787
-3337.0666167997415
-11207.72811503025
-474.1057592566878
-11088.445524460194
-576.8888395044272
-13805.700199878362
-19804.6720479286
-9776.452741920943
-13116.184747455301
-23788.905298850983
-19205.135859178234
-15671.664592377541
-15775.643600356507
-19195.183506203648
-16734.668083368975
-5400.782175330139
-3230.9021907581578
-12158.20035102077
-11743.848219468173
-15503.630890815424
-16692.01580194904
-15902.3846442518
-15924.875952077178
-13422.230413117506
-19477.881168156197
-14478.485788687407
-14100.718055131094
-13170.524743785298
-8258.497229467062
-2712.5816647615065
-39.94963836614745
-16679.737422337337
-15382.12498101162
-14333.691146612005
-11750.318669800723
-16336.657238653524
-16382.549092428606
-6874.996029301961
-14311.093378348514
-3369.0755877188794
-4080.0407995603578
-401.9257845211898
-15560.955170157093
-8349.628413488415
-14630.671404676827
-10379.745814050859
-5349.100857814517
-14375.160827688092
-14902.165149746212
-16201.13617637988
-18039.37076688069
-9451.228674364515
-2711.582884163368
-16742.72672362861
-14995.861326479833
-12339.85396271384
-14976.210219809267
-13070.728873403483
-13825.02104314393
-14800.814296931952
-15398.596272343078
-13871.558975673994
-14251.987902009734
-15879.145819158508
-10.994654144897217
-17136.923562340533
-15590.29319052687
-15573.122515908353
-14133.896925081417
-19047.638687640698
-9887.521566276611
-19025.443519424585
-14986.903309516058
-15687.39273760479
-31232.113089014532
-6249.151377913471
-13169.967995911673
-15601.40123107321
-14327.437948681847
-23523.82963676378
-14825.31248099265
-2117.1345146573562
-13478.023709109411
-21963.900989045727
-13326.79913364763
-13799.194031504368
-22243.875076936536
-30197.859676719134
-15682.700083427972
-14787.927173395474
-9974.357602536813
-1000.7450045132692
-6045.364522793817
-15326.901877158385
-15280.532671773974
-12861.30065194161
-19921.116629222513
-586.038380248423
-13646.133050286064
-5005.865089743777
-12453.480794520949
-15295.862388108502
-12097.423828903868
-12807.148337783168
-19294.664055808345
-15731.819414973903
-12263.160262557909
-4354.70085431074
-10802.274175758406
-1269.7529780922991
-15744.811016138377
-1509.606573565907
-11586.444296888712
-9562.697292442594
-13870.061575638696
-11448.022619944024
-5865.047370369198
-15702.430145677972
-15834.541692646055
-21255.321865754602
-2911.5894694036733
-26407.36466210199
-32081.75199729682
-9975.535248794198
-19789.282242033543
-17827.579713861436
-2155.745006977662
-2851.0938684578964
-31569.713382874037
-13566.198324212497
-12001.852437878739
-19667.235472947483
-4111.922210399974
-16036.482372574656
-16015.916567506787
-21727.960259200507
-1722.976501588396
-8697.569211624103
-19378.481940769998
-50499.507852810864
-9327.717265016188
-19488.50004725032
-7290.192968472146
-15602.970920422133
-5060.649854216048
-110.24226613929794
-4994.04098715677
-11486.071072607989
-390.91373640332074
-2133.201169136829
-8651.770388823661
-12595.28800187014
-15663.785547219812
-15157.059936768905
-16594.725423780405
-16093.782751718989
-150.52555783223892
-12218.442855635027
-15808.820319640365
-15671.173916616368
-704.368115797997
-7402.77877433622
-25675.68615256947
-17254.628555926454
-15363.792937900153
-5399.50955943956
-8659.174680313381
-13285.095554806534
-13176.18918792428
-14051.234447924688
-13307.744874782633
-10719.687325215225
-13291.148650603267
-14781.755491222653
-2081.8855549682544
-23788.117194962724
-2046.2827228008964
-16967.606057174547
-1401.5743923590646
-6311.761637794735
-23626.34409483043
-11072.88291853166
-18521.211795535382
-207.36241505902166
-19961.376605401656
-13628.759059038872
-13871.321007663977
-13825.901201671239
-15735.155534538455
-15456.356917516823
-14955.853010195455
-5480.646720686968
-13239.355207662904
-45393.02044373036
-31489.505854263145
-17694.54650188026
-14955.441487965065
-3364.170429978259
-14292.001018555615
-10488.944040994975
-17182.46143424753
-26452.486168827676
-401.42420895983287
-14074.252299448908
-15751.27278751133
-19060.807417945984
-13699.172849545133
-23126.900190029726
-3494.767326645998
-6065.210312197052
-6779.101249130886
-16446.652145332206
-16846.157782648017
-20153.041236133497
-3186.592684589892
-7953.52148475872
-13716.082454188017
-14317.865447057273
-110109.51622382783
-236.11706318128142
-13214.117783213938
-16450.893922559928
-9126.758434590965
-11216.12054266376
-1212.312516114471
-5779.336936601079
-17546.169373254485
-7170.259641227189
-11914.815417795593
-45459.16075674974
-24274.392081269714
-10055.026949267702
-16767.34618456334
-12578.539882409033
-19135.10430606616
-35701.085601358274
-12761.192959034162
-35655.495069584904
-16466.942860998824
-12148.063469817798
-8041.05469434165
-11428.003526126624
-14781.540409069474
-189.97522142037823
-15875.264356611984
-15857.840684073937
-19151.408053877363
-11009.606727140212
-12383.757745630754
-17895.16099908988
-17051.906203636983
-7718.608523846918
-21026.191322625757
-12833.81098684541
-205501.4478549604
-10219.024088591555
-13869.49939550197
-15184.145420030143
-1031.7878953214476
-11895.84073482107
-14994.63677144829
-16915.862974748514
-19344.428871940407
-851.0000735120369
-170.97101909433493
-13975.420595979545
-12778.893641754763
-11990.38818037375
-14528.206652699044
-14360.544348130716
-15130.500138132398
-15496.138448242913
-23116.554703788996
-12559.7694058687
-128394.14729395158
-15322.991224562435
-15596.210342921038
-17850.542787660837
-5963.076330830182
-125603.61073929751
-17139.439475567284
-8428.787130112456
-15164.095478531162
-16029.454526034993
-13275.119685070105
-10046.472092040207
-19866.64642238672
-2785.268833449259
-8336.032160251014
-6266.193678278032
-6469.84146509531
-15704.964837909418
-17079.415577451455
-10629.595639488954
-16736.934672866486
-15224.831534057026
-15870.280348242966
-27039.126512480307
-16804.23615582775
-27077.17656845586
-391.5797218583902
-13386.465481738074
-13658.262407014343
-28115.323135236733
-3151.368335647924
-126448.58707478229
-13854.442828501216
-11402.369347507909
-556.3358842285315
-15844.928003861009
-17075.642425941773
-15584.167033658268
-13320.306702084967
-85.5529233069582
-14340.165633232844
-785.0443423076972
-4302.087535178591
-12991.49117800651
-19255.501849140208
-11496.247487802792
-16124.778636196756
-23991.03355377699
-15221.549485872018
-818.6591927875384
-39486.17915866696
-16009.782427103328
-27289.114469604698
-14858.97945883127
-12346.847006444681
-13051.585455254784
-16771.074148522534
-2998.8210874493802
-2748.7859138840167
-10605.242372950039
-8031.593930478188
-14160.723725815664
-2189.519104061187
-19571.45307306889
-17901.38193640414
-10116.527474671631
-9249.007053103625
-7190.879774012168
-20150.322042631757
-8074.049727022045
-5279.968332112835
-14649.581522758817
-12040.223201662937
-1.1034325367768485
-13327.031756335291
-3420.74171727705
-19742.82054865507
-15623.26697145016
-16718.35241679062
-16920.57196711463
-2775.672767336919
-14449.452234826704
-15495.97535481928
-4973.081298565567
-22946.594947348683
-12247.193309506323
-10440.128874125845
-15752.455623263468
-51.251435849903494
-14732.277765206849
-23507.541615091915
-99.16174634149063
-19346.71109734423
-15520.068557585406
-5375.9242944983225
-13146.95501213349
-8663.651839530557
-17809.840528917684
-20250.17760831086
-7241.794600892853
-13106.331895219218
-30821.35269530359
-13233.658508405622
-15007.23797852554
-12081.901421666547
-5445.712129435113
-12223.926888761349
-41416.47705065778
-33057.4739459259
-15713.14518234062
-1486.2495101153838
-10276.037957160848
-7657.406997591362
-14500.388213292963
-14369.550221175678
-10319.423373804006
-15423.060072742737
-9955.986677538707
-17053.445821904483
-6738.711948159292
-19779.5073205636
-16933.341867249026
-17441.17352168225
-13484.253099771104
-12424.04539236589
-17679.578019140674
-16552.82872595697
-13604.67175515589
-18578.51396484541
-15273.24578362509
-17203.70931573783
-16040.15093577345
-3304.769484092309
-22515.49333319489
-7478.567739081788
-12804.615716562059
-847.7174063729566
-10071.389446230289
-11967.096503195216
-16178.880289358918
-11018.375985519293
-19173.162876955474
-19932.62951088846
-7427.437431828224
-15218.541845488968
-3856.2141779441304
-4567.666963255176
-14659.447896722682
-6890.739403306136
-6761.776807414963
-19470.636261884374
-26491.570313214554
-123516.900207221
-17810.377544044415
-15912.61959957572
-6965.23427051348
-14349.12703262936
-12179.879165414284
-10056.79724312933
-18017.010699310893
-14748.309739759341
-5864.256465085853
-13889.311742828497
-6747.615273984616
-8896.40520347834
-20397.349670235064
-9385.34571688675
-14859.643874730673
-16110.032746511648
-13920.453359069443
-15229.698732389346
-12998.51586140995
-9387.214209603459
-11444.93980108103
-19475.29920061448
-1812.410700892535
-14461.533722816122
-14821.748219241317
-12898.818999341041
-624.211520767647
-15699.281720041035
-13752.275799285546
-16497.67375778859
-15323.75809360243
-13624.985803757658
-520.7242756012355
-16877.17077962819
-45039.808450997785
-14640.980623961468
-20984.252566150084
-18325.376958846984
-13221.1268940406
-17833.997255593007
-15987.601128882605
-5119.760919954884
-15261.920993050366
-12577.96731576942
-24536.265790200592
-6431.903702618819
-15489.178110845136
-15380.317935779285
-14987.069131683395
-14147.44007374143
-589.9206426554721
-11199.24846682749
-14222.518822546652
-13778.391333214968
-21467.300100163317
-16823.453883918006
-12285.126800151711
-16579.330252084008
-14986.295943533814
-16118.161686799622
-12371.967589849372
-14045.062107245803
-14323.65347307739
-16312.966734614538
-3618.371484441567
-11931.122155436926
-13454.7543423651
-15698.708260814621
-9389.83028951177
-7549.226207263194
-16070.93210727987
-15159.732557506912
-10585.748178935937
-7.2595513998714605
-8.713270429434754
-13481.228396934494
-45721.494577192505
-3682.5356322692933
-2514.2140990235857
-10697.721125723334
-18290.30246819715
-8319.39350825533
-15663.476250212821
-736.156347692351
-1062.3053650436218
-20640.646123552036
-8085.425197753601
-15593.26244846602
-10300.87016322874
-87.0226093416568
-16429.753888685158
-13241.21824232615
-13948.007386886264
-11746.7397690158
-13561.425232994383
-6722.62862858178
-11009.51431752804
-13754.557173736273
-1.3060996633958017
-15624.504319808617
-16790.13559498141
-18071.788661780014
-4200.663922646258
-15623.817192864048
-26106.137983883866
-14698.023085152548
-177.45459126447113
-16964.054072918832
-7614.6783473609285
-7955.009104123895
-21921.372736931036
-13280.848739501984
-26177.63393969285
-16433.07118840237
-6594.430852598138
-10801.592222412066
-16570.48003474279
-14156.709777852675
-35641.01769274476
-17219.365085700083
-16076.556293501786
-14286.790903810343
-14283.245091991745
-14514.461666456098
-93.24386955031387
-1708.5126167256226
-14470.61318156708
-12750.755731248628
-349.9254680785656
-15223.714706244817
-16097.207911281268
-7875.7309784603585
-20300.85952332103
-10451.597923869665
-16114.889156565954
-16867.68591078564
-16113.608559393995
-15886.509922754323
-927.0608230346256
-16065.6315002121
-18715.32087702324
-18918.6733400622
-20791.353648057746
-364.1450615272226
-14783.754225417728
-16346.773802301312
-14712.525784759166
-6.784715635907605
-38235.30681004588
-16673.363448738968
-18560.48003550878
-25232.079186515166
-11220.665170097996
-14476.346196182432
-1584.916597849634
-11690.068138150447
-15564.359025380549
-20083.14031197148
-15612.084680604787
-14266.811428868426
-372.76020863892325
-31913.196542494414
-19429.85627398447
-19507.20934254426
-11928.080159311105
-13717.299622172968
-14018.65472726625
-19898.14147781972
-11087.060348221043
-18211.022146369487
-12854.180393476638
-14599.05080596641
-9568.740183286933
-12842.248423479676
-15118.770846342155
-49109.48196620876
-26103.36756682388
-14513.613017003301
-19554.55362740969
-16390.465385484636
-8350.498734658226
-51096.47463175863
-29449.862205417514
-15892.669446239986
-15433.013800942259
-13394.038855996945
-10750.720359500674
-11107.535098132923
-18442.03358971414
-10518.222686468058
-16244.486392295312
-29743.117507690986
-13999.472906279134
-8133.159558765131
-18339.894698518587
-16175.73113684786
-13253.124822340129
-12260.087521946878
-15845.220183308282
-17062.24623803485
-22752.00550311216
-13321.58909808836
-620.7059231459589
-18093.51782688064
-13159.39570372394
-13567.256919527666
-36747.98543412702
-12209.843916488888
-13744.265387368612
-17124.082228316645
-14860.273489769726
-15281.014070396117
-15495.54419936849
-16135.239299558143
-10291.017177422382
-16391.223320736415
-15717.338815185436
-15002.944108332253
-10237.880214726056
-15483.149459953547
-15391.591347505955
-3658.693466402455
-5176.836324289732
-15275.90814416965
-16162.27084058584
-15840.251186287021
-2179.29408147922
-5295.0972846865125
-14864.096887881631
-11802.864565759142
-18759.12241648737
-17248.079685493103
-10962.175954781476
-75283.68074365021
-4373.780076511878
-17150.089557748
-5956.914045769953
-856.6359981815746
-26560.521189360396
-28465.445223280076
-21939.73645328298
-17161.083950740267
-12844.148212827486
-16454.14915154605
-16029.657372973204
-3226.262317366933
-14842.800779271489
-16652.584053786235
-14398.714050317292
-17362.94613875635
-14474.222488151228
-16150.59665648356
-18910.639137101985
-8865.057864564049
-20403.46161078982
-11345.223003568848
-17056.063533871897
-15189.240924366766
-14099.498729179271
-17517.330599742963
-7216.24764269067
-12221.136631607545
-4542.408660057835
-17409.158492259845
-14919.62210092097
-13742.791782528084
-13719.461954889257
-1930.8852626163164
-14468.133443590057
-13587.93675113633
-16050.383041915264
-17214.348054210725
-32937.24333017021
-9335.970616761257
-12101.618632136633
-4858.30378147045
-12849.864215791256
-17406.616923155216
-20234.67815066367
-3356.5586975222973
-7495.43200025663
-224.67972577290487
-19203.19601218152
-172.56850683645135
-14918.642431592767
-8337.147555277033
-15913.302030432107
-17141.978123286808
-13814.816099957849
-15567.577960648714
-8302.250500654749
-13338.321183653423
-15253.015281313319
-5038.551317387891
-21286.26841011934
-13200.35978480154
-12963.705544826555
-16598.216323837096
-20008.74241934329
-15812.181016060144
-9472.65525051224
-14812.405376678578
-10443.53816169005
-13984.402946701832
-17461.375177566813
-18934.173438087753
-15146.75991359791
-18006.035222471688
-4346.199680646341
-15187.994144097793
-416.5043839041745
-14712.269748119312
-15841.95236317673
-15524.039540033693
-17913.360351295232
-432.8351346968144
-14343.734947251094
-10854.175849080228
-17868.87678309981
-6361.215588404905
-12974.47438301147
-14858.891136006801
-4979.906151936101
-16521.52437688038
-17636.467913589273
-11602.66531134174
-16582.75845824106
-15785.528236043365
-10458.915694917303
-22677.70004989502
-13052.746612635792
-4679.148216931998
-14217.330831938269
-10755.288937394354
-6669.772513758963
-12807.156220016994
-15688.673892170877
-14182.176019136305
-17287.979164636974
-16201.169966902507
-18599.17955508597
-20087.09079427771
-15504.44769947275
-12757.813341979372
-23126.82994309507
-13586.646254124462
-15548.448635522258
-15376.04591645341
-15093.726881878767
-13393.219469264302
-10.83116011506135
-1526.8479276038895
-68.00190908964899
-14211.808296812564
-12970.07742795122
-23478.300557108138
-2326.4276873042454
-13993.352514966378
-14546.735697099344
-15202.289779289407
-2092.8319823602988
-16455.40524764563
-12738.483997508378
-133.8420423594208
-10661.851272773245
-2.027137661827011
-13499.684435158908
-18722.180854541206
-21322.495770999056
-15834.892302694063
-15717.730058373341
-94488.34930667242
-14843.395365137236
-17471.35590614279
-14169.934118759915
-4978.563188215314
-15333.719624199714
-28180.551985005084
-22025.154994784218
-25195.295733373718
-30498.197109554203
-15215.44775319057
-15329.902608286446
-5339.9785662540935
-16564.601541182732
-18765.051829526998
-7843.077966686088
-23810.55941156559
-8351.971553380485
-116.73508778299671
-16544.47681080631
-16602.4829571201
-14494.530392649212
-2456.639114667672
-2467.1835306644616
-13302.173814932827
-16536.907157610094
-17548.165874710212
-33461.154825463214
-58660.97863386548
-24701.628364638284
-9422.860878587517
-8882.055641265204
-7421.269788394632
-16001.914296655093
-13948.855881352041
-9700.122580089304
-12120.044001430842
-13123.36197104834
-13717.0254961785
-2502.1155437673265
-6438.551369778684
-21634.352840941534
-1378.357008745525
-13647.687289182393
-11645.303035040739
-11301.918882741988
-10284.394816377735
-7054.255765147211
-14909.998990879982
-15978.727052499959
-17859.377160661275
-14181.75268424984
-30.61770894973891
-12147.564518652383
-3024.6922877135603
-95169.30050985118
-6482.3710170386685
-15958.25943703785
-13253.010906859934
-11734.43637746172
-20154.666601765293
-16495.07618413633
-13669.8597165263
-15349.728050079786
-26309.653122623324
-16559.511912743543
-2742.1608695711093
-1413.386455015589
-16210.010618120015
-15326.287624487335
-2054.0032235838084
-16343.514121241884
-12717.200573542683
-11823.719798223321
-18348.450058064114
-7225.891064278274
-11701.738672163825
-34.232861596831455
-14113.480224618816
-13865.492481116918
-21793.917155132487
-15281.919689600416
-15078.047504389608
-5147.1351547404065
-8467.966483438857
-15831.940748756904
-13642.792139380308
-8877.552378504475
-4632.221696089014
-11490.47115101271
-30223.91690169848
-15689.558369549743
-17017.805542509326
-13868.178255043675
-2284.278115860776
-12239.875169946341
-315188.5363590005
-7576.414520783953
-12978.394866396397
-15659.940856165813
-15542.595530310331
-16019.044357694314
-16634.586467483652
-15136.070782137498
-14181.673856712267
-8496.094133756005
-14465.5284986161
-293.2003596013586
-10215.096975228327
-17270.522542158003
-7319.133642558433
-14802.532590520059
-14025.358800896758
-14134.293734623476
-13923.203748652046
-16239.743465844218
-16158.273353048948
-15174.116807028677
-16780.618208489635
-15443.486727286318
-13204.531178145364
-17389.360081057777
-15358.412109373834
-43596.77723605848
-8726.096884579578
-8695.762859857392
-12949.179931245217
-140.82724535586013
-12907.970016925496
-16160.1772780511
-8183.766975476327
-15163.985407761676
-18317.2531530831
-13521.788686314649
-12466.697786233248
-16323.225080447313
-1.3689350679131538
-11847.11532944887
-15160.067881675677
-16886.50782107155
-363.6037604178612
-1947.9277386896754
-29.9275101809626
-22041.794537065132
-14505.7375831321
-214525.65044354193
-18940.743758444238
-14217.540498252507
-210.75415281375186
-8572.917461043586
-12650.436567934212
-5727.839689810174
-42928.07803786117
-15552.432310862328
-15332.944420876554
-12408.290931706637
-13372.338960803043
-12856.44433595961
-14291.168827466923
-12960.111484309562
-17694.46787577197
-10243.537335558869
-18634.13300653776
-19129.42438830538
-14909.003388072815
-20802.549296778307
-14528.328809371933
-10519.348725998814
-14835.020082778183
-14893.20032113277
-9946.95606988976
-8638.398683145677
-9398.538562511456
-11340.990708684874
-12901.028946112443
-12915.334788344346
-14091.914331341528
-11001.109603223947
-16053.494871902558
-19418.21244422845
-14405.14357573793
-146.87737252969208
-3877.6812613289617
-14120.81971758583
-10451.818578301083
-16603.795068791438
-12310.97422067235
-16328.80221679406
-11334.436399093196
-3752.3593805815176
-15039.178723455461
-19825.033467064495
-14328.917774797677
-15474.71152987118
-13787.193378071363
-13236.627871825429
-46145.92726261147
-14038.490252932808
-7378.198590007065
-106.59314431779666
-5618.683854748349
-65661.57102829387
-21414.42982566993
-27114.447254520615
-48843.82517887802
-21064.538081780152
-7947.218218786367
-2572.1569476782597
-18416.36685757073
-10554.632709495741
-19256.1122749692
-15243.132862654047
-15775.964290636946
-13560.009685284007
-15829.405827887016
-4865.051574261684
-6876.042628036031
-33380.03467601646
-15390.73391360398
-14191.002808535031
-16452.707273208252
-1305.616449960243
-15621.506871068756
-1850.6240797255193
-14552.792474647998
-14058.542786726803
-16130.064479102037
-12558.310857588556
-16676.46597367268
-8246.273381114795
-16467.96776021727
-16041.505977363007
-9597.999883164586
-13780.383173211327
-6633.776260622342
-15357.831612080774
-17623.467541487717
-13225.128829218927
-8999.77495743559
-15622.485168261186
-13560.017476685574
-14544.459557226699
-341.0283122706564
-34350.58791486446
-15673.489581603659
-15468.33321653083
-28638.29069218648
-10360.692527357342
-9468.219399481724
-16947.731853546768
-6255.633584449262
-13667.434957763966
-14704.028595812577
-18396.547748403656
-11700.230310377043
-3781.5274876028957
-22255.51674163997
-8711.201600151562
-1165.3856008201244
-4487.905179529997
-14967.83980591273
-11373.106376349879
-11976.983182369608
-15959.004966684584
-10322.949521325767
-23721.159950524354
-14061.828255897277
-26659.716789237144
-12857.174568036786
-12765.578868542669
-33746.332136308316
-8913.611454353437
-8943.513431160056
-23312.27857454596
-10341.96566535771
-20916.20982648725
-14896.505390655542
-10958.573884071111
-4898.526387163313
-13697.540327511242
-26704.170603049613
-16973.03209074208
-23526.55613857382
-16086.837005791529
-283.9814277710106
-1890.7093038938642
-13158.501204787068
-1495.957427082867
-15170.027159018739
-20602.71695223617
-15378.942037874696
-6813.143978502049
-3705.142483680305
-4762.412815884298
-12543.406635094265
-28236.92316372795
-16076.602361259924
-21580.183039176423
-19608.471591940754
-13850.414045610216
-3748.92936318806
-10514.896852890508
-15111.317286670715
-15990.572483391532
-15742.985264985098
-55.316916651564874
-15675.393712523484
-20068.87068686517
-26740.502588088617
-10177.310222298689
-16472.94838781596
-17236.710558657138
-9870.823129524359
-16152.02774365881
-12966.958057012009
-3429.3262778453004
-4582.166930036041
-9544.595086903248
-10173.792225361545
-16039.094098279085
-18355.278036738375
-14745.937226765474
-2481.675160801508
-15867.112837884362
-24403.167073489312
-14596.016907673646
-14925.77313076433
-12070.201155808472
-17694.615835140354
-14656.655327322009
-23994.53518535606
-26.56269319593649
-14121.526111531442
-15176.662178324117
-9599.20134351
-60877.9691923677
-13637.817593075952
-19344.686918155807
-5615.954988565386
-15286.066435845945
-9277.020297308172
-355.68347921957894
-21414.0231044937
-14256.546634987304
-41934.41689584857
-16083.765975872324
-14384.166249160746
-17333.815402049335
-12442.363313761853
-6851.238191683538
-21740.253472866632
-2946.3948503327188
-16430.606745401274
-17971.64995262624
-11442.32686010407
-14296.340404225966
-6434.022450744927
-16012.107147521489
-11694.225969005329
-22668.24155015505
-11742.388509070046
-15484.910434823332
-14466.870910445954
-2805.945468532418
-26874.359566980216
-13209.194203929743
-12728.73129584276
-20499.78902265312
-14629.11580531217
-20842.195592876422
-12778.353583479648
-15679.58618789006
-13533.57454901089
-17382.321759478422
-17513.62497363318
-41169.791506907706
-36.75048282676085
-12788.636362136149
-3780.0449066986544
-17788.19715890524
-12029.54034867633
-15295.4790124909
-5978.2032069161805
-33399.4288474442
-14749.748786980932
-16556.579893170994
-12.147253825104228
-14149.55811060871
-6900.468570705068
-17.403546196969494
-12674.103787909118
-2.02365538961091
-8777.178290496206
-17510.247804876926
-16489.29238156788
-15714.269983829145
-6499.4773844316705
-5467.245492621848
-24722.605376385058
-75.98064216562008
-5205.5229416312495
-13313.316381460289
-18257.119954139802
-9163.014667347576
-1033.4861182475347
-9990.360970921774
-15772.949481868973
-13606.17109477437
-21797.637322646628
-19490.679330753588
-15103.990771182316
-14987.687003758825
-12798.450155286873
-14304.220747711463
-7012.073382903299
-15190.17908114672
-11648.164202164213
-12030.664680931259
-8292.095530770936
-11362.035724361434
-6683.3852396054335
-17573.83133672629
-16229.696780239288
-13980.152813434757
-8492.57123193331
-14390.027779213748
-16069.41154718576
-12933.744021222989
-11911.420783596712
-11984.668096198817
-16790.104822347803
-14009.02609833116
-19790.748596696725
-16192.512326166801
-18769.26473548243
-13335.843628575856
-16644.13741559668
-17707.896254612366
-2513.218635827962
-15514.215208592204
-10118.398757154004
-3883.409358931452
-19196.68863986099
-14118.745736294739
-20597.919791193497
-8674.744259418436
-18080.03647046925
-13113.657919108713
-3072.3917604103467
-35783.61728359436
-11600.9599055338
-14870.268033392733
-15278.127130681394
-10538.358996495945
-7304.236261140464
-11085.362968508029
-15836.856339387681
-15431.890129211662
-15638.237653556904
-4780.866856803221
-15444.853584345472
-8136.050895737969
-1819.1964636792204
-9637.495265497226
-15057.487765680482
-14474.013111094302
-46369.539946290024
-15096.491755730449
-30501.409025655586
-7668.332986963243
-14526.270610851363
-1472.0592745489328
-11466.750004502637
-20786.80719973855
-13763.047626290876
-14950.631411930519
-15110.341183123903
-20372.435202084314
-19369.848937579034
-3559.191160977222
-16864.12798239324
-15813.581207804227
-15090.006599248858
-22880.41413609636
-18970.88209779523
-26774.931711507437
-15416.2694965476
-8877.035906246869
-102.15732721062673
-4447.329060828202
-16900.89377757928
-18245.158442850403
-842.5513312195856
-17691.18412036719
-14399.595734555705
-23190.91935116394
-4610.066194296287
-16447.425337000685
-19192.97818201945
-15650.055950573913
-12892.07540290807
-15275.124032758631
-705.5865180578759
-31375.953940837233
-7275.493915662069
-16024.205421803737
-15435.95520745615
-10599.371784601499
-24082.202085038254
-16043.000305573278
-14028.471155588973
-13011.95269321289
-3746.3927264198983
-14644.968821602875
-19191.028940986555
-14319.333512947389
-7824.899588632588
-14696.779011173987
-17099.844284207844
-16833.808067347716
-14701.439058000498
-15593.933496886799
-13038.225577174124
-16184.304405088547
-13809.747973562886
-7002.8851830659505
-2519.542163690331
-16803.332342787915
-14758.475164936988
-12210.396690970514
-10030.737636761894
-13793.603880276274
-16934.083742514682
-15268.151540314095
-9778.226239998503
-15186.58520226116
-14522.214776254843
-21925.92412945254
-15171.485856223759
-385.5474982173355
-26198.944979593456
-13021.203721761523
-12733.343474537864
-5936.694497327331
-564.0865297610425
-19190.877283136146
-12875.63068103098
-1193.963687743654
-16138.625166611908
-9278.079348358318
-7180.179139740127
-17707.350102138917
-33.17806123649703
-11752.97690234435
-16336.879100978858
-12997.719975326827
-73831.14798871333
-10202.307766942924
-15574.529419197359
-17868.23767947826
-15083.623230415618
-18147.061501319855
-12260.409356499122
-16118.842329061516
-10043.894763607119
-15175.534785058468
-20029.135830753734
-15897.014813801625
-384.04223779818847
-12826.957830083718
-14887.790359767248
-22621.253012961657
-15864.102747363864
-9799.165203342656
-10420.072523702544
-11911.758152317458
-11812.308911329266
-16216.905449944084
-18522.736712776405
-21082.884200978533
-1252.6198351397954
-31382.27504399434
-1051.2530717297423
-15099.126036263238
-422.1221443443025
-15865.077161517262
-6025.832548251097
-13920.47023263959
-8108.072092456405
-13878.22658751993
-645.2239999746765
-18307.84202326319
-18508.06179464436
-16424.223544810648
-20947.22591460647
-14047.521769008132
-8004.492112056146
-163970.10461567627
-1219.2993942703104
-18577.65518170977
-10098.53129020524
-13728.275142780636
-14752.849708229649
-8862.42778713507
-14126.266108429181
-35830.31107767637
-12414.912158277304
-13276.02112068406
-15748.69350351675
-17394.625672741662
-15700.569971522616
-13111.784612852138
-16189.10248870462
-16000.264021036925
-543.0731877854365
-24965.761492438534
-17003.088405310962
-16315.597864649928
-1897.0690194856184
-14924.148358802928
-17225.590870289434
-15038.808253679652
-14869.134348438356
-19284.838268837102
-12928.190077889263
-16866.230936795335
-11783.541921519914
-2317.456200886321
-10728.993603616522
-18013.81659717736
-10000.337401344104
-17567.804557156218
-14923.743693730632
-12656.174757305533
-13231.83182315124
-23367.36942068185
-4614.3664770942305
-10137.921439185022
-15439.48172646909
-18488.31130765768
-14828.540929417528
-27110.366775630468
-26430.257235590372
-14764.108516166969
-9371.178302867454
-16078.038730683404
-8036.476287266382
-13637.9317857572
-42199.10342549104
-3375.798340783195
-14669.678992500816
-14921.142873171244
-16418.47729172202
-50352.94700503313
-16418.473329880424
-2731.6785285908813
-13695.649690166294
-11610.959120448124
-15093.806435168062
-21431.001739058716
-16367.699702844513
-13386.170451453112
-15159.339111542795
-10856.15269848099
-14246.447531763824
-13086.22955833315
-12703.735936925525
-15090.695775961169
-15501.151066403874
-12559.939844054283
-10298.917400838556
-15375.339187385121
-17071.84910874101
-16934.201031533405
-6455.045602385604
-11776.17139798787
-16780.080241998185
-16779.795527590835
-15557.090067034953
-8655.718617248649
-13569.79866133357
-6053.017702250811
-5597.597812477443
-12330.28107219874
-12791.382373845425
-14216.836815304841
-12958.356638814896
-6101.176089571971
-11872.30427794713
-14127.027236589243
-18650.88041171254
-15183.86394569486
-15540.298562144364
-18312.570407704025
-29877.277374149853
-15080.152379156692
-15536.117700633977
-2636.080401451444
-7833.790966375118
-194.62803595966253
-83.45550714949411
-17268.060477218038
-19982.692885241533
-19115.337883476685
-14440.899470505654
-214.26617201822148
-5396.817747115575
-14029.501112610096
-16235.157186922454
-15681.016317074027
-4747.208268631087
-16923.47169670506
-14200.836201046723
-1613.7247623341104
-16614.881998052184
-16728.287667205765
-11497.666274448937
-4194.126608931096
-20665.522457804273
-16269.881359790057
-16713.37954998085
-3537.2364714501678
-11542.343570268136
-2680.5794077801534
-9344.131300532026
-14860.622438380022
-14454.640088752676
-3029.7235121388053
-11091.360956793907
-5033.533076471591
-15412.465505738404
-24558.682045873833
-13883.53435576152
-10555.42777126691
-274.44899910019006
-14576.908557663222
-66.42284399983826
-15108.374323013097
-34009.68890971933
-12677.934185988419
-18427.679056236793
-14864.394080229351
-14222.176205538135
-9824.404544770396
-11968.075933636173
-16161.763776318481
-12104.947344410366
-1199.223965270617
-10779.622048669753
-15227.881974354104
-18377.80442934861
-2716.1885723606338
-15428.17879274707
-17883.924309917064
-14995.167801069314
-13949.205095297013
-19005.921410690462
-10104.606795596586
-16138.801556820956
-15727.416591999214
-6365.865071623566
-8868.968023513855
-17876.73423126264
-13336.705595624198
-17889.2592514167
-12993.430091248898
-2441.4517763696635
-16044.320026840454
-5261.289512044546
-149.1500624911091
-15413.936155251444
-10742.064861841727
-449.4582805494145
-14799.478277810607
-8394.300683204296
-12449.886880721944
-6163.340112039794
-9017.619462881783
-14363.27360290726
-16627.756619893582
-16116.739525758472
-4644.487592731669
-9468.470220393656
-14264.913651231704
-15787.142819976814
-14388.785935760947
-10844.323394166113
-2771.970582719659
-15536.611833230472
-17003.97119105731
-7526.804309462288
-68077.78471324053
-10591.866445087606
-6343.632633874943
-13514.54996107331
-9005.689791745915
-12219.346908208081
-2681.8132325293886
-14661.701464906595
-16399.51909408328
-11949.316163100528
-14869.580129257476
-14362.700364333945
-27.978040767866364
-2488.80123355876
-7814.582013790679
-11791.94183714918
-14707.536184656052
-12328.059466031249
-12480.951529023705
-7899.939616246477
-4770.558435684822
-18859.64753229255
-16388.359653163934
-26087.645628450184
-11293.663988892773
-17119.390831316134
-22649.60911282311
-10059.365848974017
-14526.197941614126
-10113.220354354393
-641.4459306566213
-8404.786821186275
-9285.258537969665
-10031.514246196202
-8581.82297316071
-1400.4984758763721
-3815.83543156516
-16801.617795205417
-17908.93804113907
-15674.366388778868
-17666.09974151787
-16644.907899241767
-16924.544283021445
-17769.413044576468
-23.930168001777606
-2855.158154812303
-15484.244798140857
-15877.71626072094
-4341.58102127255
-808.5360240788959
-5535.058752787567
-15276.958765593141
-18551.59001343194
-18069.960377422314
-9868.637534283216
-9718.428159836632
-6191.3266942707505
-24200.227455545366
-10249.38088119725
-15207.164455082522
-11407.679717294026
-10031.733418881506
-551.5309161325109
-16840.64545471838
-13444.520408327762
-15400.762846401865
-19745.447322627733
-12943.500018625607
-57909.57250227639
-19135.344151406585
-14531.061030501003
-299.03706819177165
-13257.420269264192
-16508.686665687463
-18298.902909178156
-14507.14390891838
-2018.2037914674127
-1045.7992379236591
-23908.882149230114
-10844.175924261217
-2268.630812105512
-14836.327891884319
-2166.8827298382794
-75859.92903068851
-13654.203888878837
-12823.433950566767
-15051.291049849657
-6831.956725498115
-13869.606539735176
-12506.636702933954
-13825.941677157673
-13562.93055823541
-17073.525315313058
-13965.034143217528
-15723.737474838787
-14450.399092204978
-15956.72552884481
-16958.00310872267
-16525.63665168127
-15951.431988707862
-1653.5566480091595
-38644.977687718754
-7945.248354400968
-11832.646734965032
-15426.589683683602
-18253.056451962555
-14236.529731800394
-17119.679565523613
-16879.034627261255
-19336.720003440856
-13287.973602826673
-21126.329191093395
-17085.21103409007
-16697.39610153425
-19869.570268771313
-1951.3247090583632
-17300.489826541834
-11123.4391644088
-14498.323008025121
-15442.580575109529
-13569.472010367352
-14527.998254561142
-15070.665492583126
-3858.692422452861
-2491.173326073005
-16058.553961789894
-32750.380593979615
-8137.670196857726
-3167.291109054571
-17420.346280734742
-8914.097695543569
-4773.456771196222
-13415.397728857273
-57508.39050511106
-11080.943105059456
-13586.182881970943
-18667.639018652728
-17099.723419470567
-1641.4679582279155
-7317.191465755897
-9418.471555796912
-17303.09851111616
-11620.935696479217
-6597.790998459393
-15631.406370229544
-18756.870982769993
-1556.6436559380732
-24332.689197054067
-14102.752351901207
-12619.049965691253
-2499.7104061895348
-9022.786303970375
-18338.412692614897
-1003.0717831948186
-13018.568335067423
-19626.017460353058
-10568.809884875127
-3611.8297562302937
-13394.97983358901
-19693.071783815776
-5531.997128694262
-23639.049234592432
-2307.150099255409
-6781.296265352082
-22039.384228933355
-16759.259134335545
-13767.226082089268
-15520.913218959611
-2795.8272141575535
-8186.931113838355
-14191.427240279749
-310.4631669778865
-9903.552557795085
-20629.114854042222
-51455.24657063374
-20648.9699950421
-22839.70422307033
-17429.99368026639
-6536.230462746569
-14866.91472474881
-1506.746442203766
-15175.545516640217
-2526.053526031535
-29315.674070654633
-15131.80457085979
-24270.728891565555
-7530.546284958802
-4078.634454928609
-7869.420675746817
-11229.115377043434
-5.217856458116176
-153.06754720166643
-17989.649752659774
-17025.061347116505
-15818.298543069632
-18379.218834149837
-16607.437731557042
-26108.22412290273
-8276.72808237646
-14834.573132301673
-9625.520415557443
-5546.636234758175
-18066.352687789327
-748.1032942493634
-444.502014361001
-12775.734844001363
-13576.447379286497
-10195.420153002206
-14951.137840459836
-5109.826760652752
-16421.9297066447
-2352.9769286687897
-13820.038964841713
-15358.46878565279
-15377.076315540762
-15403.948434811338
-10181.250169735446
-11616.097365288375
-14404.94077217198
-21734.692767513556
-14573.714280170658
-46730.96527529398
-9392.6503895884
-14049.25044770842
-14372.928348375668
-40662.3581748835
-22655.916165982533
-16578.76451466691
-43460.344983550094
-389.0985722131094
-11566.11575016412
-14545.81170969398
-10618.018064426018
-11634.3742446122
-17907.417490094653
-27501.21057206726
-828.6526874536506
-6246.062428909056
-22773.229233102513
-12677.744760183801
-9023.982189945946
-11836.925156454541
-13967.140071310469
-1310.0209870898318
-15459.795557939919
-22862.521740405486
-11520.56852360739
-24578.944394629187
-4372.160520253859
-20276.77334043583
-18734.68314617207
-21182.920585143736
-11589.740848055328
-15099.951685884176
-14745.543701734841
-11761.003366363624
-15135.507398110081
-7303.9876443298745
-14608.086077144415
-15356.473948073693
-11502.443653078095
-3871.337865957054
-30033.165809687587
-13972.531175021104
-32728.74328237859
-14638.365387597009
-5615.3346694554875
-19395.859251669994
-19509.60062689758
-20747.050049407673
-15705.6599673597
-9712.865648787814
-10255.243383299176
-15899.271106651046
-15242.37109123368
-3989.7130121375358
-92616.0994243246
-56899.13699984062
-13321.670726217402
-16950.09993713518
-15753.6935396686
-14871.732277181924
-13273.00006980163
-7858.368358504049
-13605.179378453042
-15650.001451718446
-14757.132952586466
-3947.085875402498
-33423.048208451146
-3558.2633691075857
-2978.7214068476555
-13330.881084574612
-13749.7288058083
-37688.78391441651
-19354.899547681795
-19422.916528776394
-198.27673825718975
-334.1269277874546
-11844.74572345805
-2663.197714573442
-14710.527307572556
-13882.974170727844
-11669.598635231825
-15399.442137779224
-3789.722195822059
-11493.789314123933
-3827.1279096316753
-12713.016624181442
-8772.635661667682
-14882.198567097468
-3465.677154232389
-17463.576856221047
-16674.4055195825
-16706.478729751172
-15254.69284462551
-16507.375826560317
-15547.467250520129
-14907.768123624155
-9758.8304754565
-19171.31357356635
-17186.47122680358
-6691.058914552161
-24109.58355724398
-14789.88108114215
-15782.206122602103
-10075.415070938183
-17629.090953371713
-18443.924731178788
-11017.252256482132
-15535.571027687765
-11887.309079345037
-15338.151522187343
-15288.164873274194
-13064.081920739132
-381.2046235968616
-10702.510056523082
-8423.826760775624
-15305.846220990952
-16228.860568413407
-3721.1419448104457
-57323.07988869815
-190.3045993240428
-14553.843394965586
-5167.409997577779
-16627.622766166485
-187850.55966151567
-3735.3291080578847
-12101.877931306411
-10968.569872461865
-17648.246239249376
-17161.464741826694
-22956.895324036846
-15410.54396847199
-16218.620306262652
-17101.223400422838
-15057.742035765368
-5415.318888072777
-13929.835818832657
-14185.775590961763
-11249.073491426161
-16276.554584344543
-14912.490000651918
-11124.623049870781
-24391.10463964027
-17850.494272488395
-4166.209165581314
-18780.029955492133
-15345.667417742585
-23232.569883876742
-12603.428166374903
-15610.017320735693
-16892.3524548087
-17884.735583273803
-14652.423396816777
-15305.314896715327
-17078.064013779334
-8959.495838012283
-2017.7305693872386
-15110.531061728816
-18282.21487865397
-29776.78292407486
-11701.980945340394
-155.82617294744202
-8678.78908477648
-12018.353839252806
-4012.1265302964653
-12418.484681164926
-12948.606673185295
-15457.784467637783
-11244.80163457814
-19823.44174266302
-12692.394800585478
-322.4527292685524
-3791.7301057808045
-10303.561712956394
-16562.70958407207
-18077.30927187072
-250.61717672234326
-15598.930900650765
-131.75968676887896
-10031.123980836668
-1962.4049413623022
-18.431825585947568
-12960.686487196668
-15601.986911880409
-14912.69134200845
-18878.12206014284
-24027.60539501905
-15363.142123701158
-13139.831621978774
-15096.18984816442
-16945.331831326585
-14091.974406812127
-16766.707845840974
-16288.930189759578
-21500.303698215597
-15625.335595591958
-6969.340721077356
-16087.636969934958
-11372.503389010033
-17884.709687205228
-15345.243813190793
-16506.473486219056
-16621.213234637093
-12792.710905180646
-10325.573093049992
-16505.0530873519
-882.7243146645884
-25629.070130381613
-6.538987244117795
-3028.5495894565493
-4269.627051019597
-19180.55732504888
-15082.040041513434
-17893.94425602796
-16003.493975678399
-19200.89400504183
-6775.542868159731
-6253.884921646648
-33528.87880802485
-13639.205126206307
-13985.25153979461
-1154.269326932496
-16324.869501377862
-15104.63741663836
-14076.563694660397
-24832.20443367072
-23141.987701138543
-12164.69130554752
-15027.167140444168
-14865.399171220552
-24934.940711681156
-12.060819576964906
-14873.631041005896
-7854.923544006233
-3961.6365190288543
-14681.467249885563
-14321.18112031224
-11629.401160446687
-11582.517070112011
-10339.108250460551
-20122.618165668504
-12195.25269605234
-2399.597835026154
-12487.269757684848
-84.80665407203448
-5370.808201050037
-16701.906511428282
-258.1818922283702
-31.725933535536385
-13916.271478037428
-14672.583254240973
-14268.132245130466
-18659.779874291708
-19596.079388402108
-5161.081406746029
-14755.469803599464
-11583.059752345729
-15781.819396099243
-17240.402786242135
-11533.017470897546
-16337.211008252982
-1718.9739151617607
-13187.821762506044
-17925.74101796513
-24412.95782172196
-16613.993173002233
-14182.92467264779
-6021.41410469517
-7866.885500930052
-10759.935610225184
-17233.959640018453
-15121.589053874546
-511.09818179741393
-17398.56404017374
-16216.765831792314
-2968.2911059926796
-7615.9830634095215
-9787.450992529604
-7457.479633489313
-16658.130444509276
-16241.372944855939
-19599.788807849738
-13526.340338409818
-10983.74670532183
-4050.2822124475756
-18472.471065786576
-14733.401148919726
-14338.561081808108
-15289.886223591226
-16908.378256629367
-15540.768110380815
-9848.764603786956
-17392.742921759258
-20549.218851534508
-10034.36300668354
-16833.98047377798
-15246.543803535938
-14856.593624895313
-0.8211897857246704
-15481.801591495447
-8576.059401787556
-13948.68487642826
-19063.931742535802
-5576.283165921998
-11268.578107218564
-12086.93539838405
-13360.165985401924
-15517.52469668421
-13289.53127667877
-16031.412708851094
-15621.20783128982
-16158.630799137836
-15100.884637650179
-18371.286381192567
-14484.364713003391
-10849.897873168384
-26116.313477500124
-23965.589136469123
-15378.851111264787
-21856.89346447652
-18628.812561124036
-447.8408447462436
-15305.0048401153
-7707.41829257434
-15320.590425747085
-23781.360028483374
-21435.88261149687
-607.5416128998322
-2971.4687768741255
-15258.026935759086
-23669.94208320312
-11815.505412909244
-3107.502226283955
-8901.948887203369
-13874.003814818729
-15658.137243019584
-50907.72593273805
-0.9350750987098105
-897.994027263438
-16112.015399952434
-14978.730470299563
-4649.563000087114
-1180.971053528447
-7026.494489151561
-15948.667578089891
-15004.276308767872
-12897.627044242296
-9422.316453936755
-4243.743158848877
-9327.046007881805
-13855.808190264519
-13610.898762007126
-12749.086953969112
-11853.560971295601
-12017.217031686823
-1192.810304211206
-7781.414238971665
-14884.480924935606
-13814.257392722211
-12864.02385018783
-15499.191715996718
-15630.970607449908
-11687.04974661163
-4.2084593902723695
-22013.31983713185
-19539.112642817516
-15467.036997374864
-13842.106315522795
-26260.724619819688
-21600.301566167556
-17235.114608232074
-10212.019218282183
-15484.765952184414
-3229.05539729925
-22761.06352102969
-21306.51146044204
-408.99279202061746
-20321.807983833944
-25052.748452449003
-26385.059807918155
-9664.955203925825
-14148.072532358623
-5213.747250179541
-1089.5729631369413
-3228.4806660222953
-7556.046513448974
-17731.07163259299
-753.4156867802043
-24250.969124739266
-9311.70749158297
-2457.8977015871496
-2685.1549938127764
-7880.328890039266
-14658.054616993326
-17040.900488531377
-3716.469317730693
-12610.975867584822
-11406.408375931791
-22692.555265955598
-7785.738167128609
-20378.40458348977
-15337.05810016988
-16948.916355802256
-14326.369269619921
-14144.712089571305
-5357.879238014365
-1024.5186116970644
-17277.074669469886
-18682.987196195892
-15037.766282954955
-2012.16403664966
-20219.744006447207
-10792.418771193345
-15367.091013979707
-7814.397088037689
-15649.430437907218
-19305.02852462271
-23360.22988934268
-1968.2145021682934
-13506.97160241582
-18500.596956193778
-15353.447393595456
-15798.266767115894
-15061.083385693455
-18029.489240493473
-12833.955164940127
-13328.713614770675
-14733.39403383981
-44263.31530848965
-12220.671052343641
-16461.889364841692
-14588.45536709559
-5527.199263773545
-38379.260278485395
-48696.56248170413
-16619.991979971146
-15304.88548819348
-17037.279738622157
-29296.585247074687
-21327.200504131368
-13735.554868629046
-16774.06226738754
-1021.6735579483604
-15953.7850941945
-1631.372605122845
-508610.88996150723
-9623.474568022124
-13017.14920156732
-9214.260691697511
-9598.84406337723
-2035.8345070328733
-21908.51311855847
-14122.574605783911
-17377.73966108971
-14403.944475206601
-13325.572489972417
-17964.782212081045
-591.301636186146
-15233.416188420957
-15253.983003587178
-5967.848230642845
-15417.29128474191
-5275.156819000738
-4069.2413137566373
-10137.388678548474
-4695.929104889206
-9702.39377033381
-15984.928759739916
-11984.641211972212
-16078.375445075442
-8508.573698960487
-14470.832509484368
-16962.066490915073
-30.085094184242482
-14103.376967216287
-23009.669113493863
-17677.68498684146
-14072.133222274688
-38706.658594687135
-410.90887826998204
-22149.85418976194
-18106.02737770277
-15299.875361427572
-15457.3828587156
-99080.7011886557
-17793.64170775596
-13947.977146899882
-2555.1341815507467
-32371.916462820835
-16628.527968917017
-13464.852943184713
-12500.002738741256
-5933.106906892271
-18250.80056188056
-7632.565657208483
-15512.006886098958
-2272.502050288764
-67190.86508050725
-2.0403521858128597
-14128.985729873699
-16800.514230961617
-19059.58167960923
-19426.717256692915
-22806.837793561575
-16404.368150995615
-5944.011812187176
-13488.656014007844
-22072.683259649297
-20.396608110951618
-9728.730123624486
-16887.28504538479
-7806.873273254402
-14477.603668232405
-9015.218782642814
-183.1692006760438
-567.5037254291996
-22.80726330481747
-13328.791960872615
-13939.703270711352
-1570.554750408811
-32511.38865067164
-13087.424302122552
-10800.34417926869
-13005.555993558028
-15259.338803372153
-8827.102173132906
-7132.919687474333
-15697.930640895145
-10633.85679975789
-14609.012543650126
-7633.698777437863
-5721.190128521862
-0.47448702308944274
-19.75840298303344
-22295.04701202139
-13541.10757714985
-4489.018936249628
-1346.004489862438
-3073.572930655784
-5669.882382128555
-11340.45158074817
-25492.026016440712
-33580.79392206291
-6119.182222803372
-15261.473533686987
-11977.427298952904
-13451.256173813374
-13925.999483638141
-15809.859421566178
-266.8702164968464
-8823.104671018787
-11969.933650384331
-4045.648380939427
-15299.143452355293
-19749.30619958444
-7978.888600368843
-16703.86806150033
-10988.616411334879
-15216.078391695537
-10148.478836824488
-6782.8937847992365
-13793.527561324434
-8648.729415952042
-11859.80339153769
-16948.90304891813
-10669.231412010908
-14378.02561329982
-19654.031172462768
-13671.931437029814
-13277.994149185228
-15831.60261243373
-11482.14093571299
-9046.963118560161
-16778.09418071048
-15094.466626637259
-12286.323332920396
-38095.00790727398
-8663.0826369467
-16871.616541202948
-6001.201687441689
-19517.84709959823
-1642.79940112722
-2009.22862640656
-15147.766150247662
-15610.769294045278
-5429.58324205172
-9558.827502146225
-17538.405807146548
-2896.456093649337
-16358.085156082088
-15933.263410721936
-19682.814970116287
-15511.182506698977
-14502.74695084443
-2477.21174176563
-16147.018343320618
-15493.26022004116
-17176.595722786256
-11108.046230097758
-19992.535476292054
-16656.40226540665
-16741.758890084424
-15232.809709681236
-6050.552698611104
-9381.15277803086
-20183.936418339512
-12700.026219870611
-20226.087478413723
-359119.7752025782
-100.24462686473939
-15406.911575953096
-13348.550850151783
-14026.94380171586
-15249.962843530839
-11251.773163394977
-13471.18524711444
-513.1697259371429
-16313.302414849915
-28893.719942428783
-14741.63505432745
-6599.646032954561
-14353.002022523597
-15723.526037423637
-14683.750723976718
-493.3956669063788
-11758.95528113311
-23680.39706018254
-15426.070475172928
-16484.059986130917
-14567.917496438406
-18666.256224813504
-6493.068477584065
-14985.474567464926
-1092.9637431159722
-12955.54373625358
-13213.88049066644
-7984.30831942932
-8623.06396375907
-16054.41827798712
-15664.046938798496
-14843.410235480695
-14669.97120956656
-13815.937572323606
-13917.64250077995
-15525.48422699131
-16341.468539235906
-14798.906697025897
-16482.122284040073
-14536.282333397221
-14760.40853845549
-11079.78981992165
-13945.131535979104
-15472.369724473836
-603.4745319088775
-16701.532436459896
-14855.020007888597
-218.75584316474385
-11828.243674856796
-14907.911659901845
-17853.659013092965
-16426.30198059984
-9087.72455444539
-3774.0954522313295
-16363.147564293298
-1890.4295450861077
-4856.54982208521
-971.2811443137844
-20544.559466000228
-17894.3157529464
-9359.531215151996
-15201.812219756628
-13465.949862130474
-8843.71653958223
-13179.578817626507
-4420.743749299308
-17993.426951741847
-21206.204848220594
-15104.046895157104
-14471.560027013296
-10.907760036196498
-26493.833608162786
-16379.758993674363
-836.6228384036692
-28.707624234375032
-14933.360514782935
-12517.079151231752
-7426.701484770911
-14979.416528664158
-6112.670036563734
-24312.38535428147
-15224.471913752683
-16247.147604146528
-15646.370818190906
-17534.880469969765
-16332.874601459445
-17344.388505176623
-14107.155726708645
-14293.065016074845
-17971.490437850298
-16454.208278634454
-15489.861085783128
-16209.041087596424
-13246.425516440715
-13541.456838689144
-26724.842205231504
-20701.618681418862
-300.2903296291061
-5613.6525097159465
-19840.802384102815
-22479.618462299422
-37168.29412954589
-19977.728865042885
-15667.06809648909
-5764.7267434528285
-7616.259620732208
-1716.425143415966
-577.1806681022396
-12570.01478100364
-13948.551434335019
-16986.077577044212
-15902.458922940843
-823.5736939015545
-9008.5696903801
-16818.715104960153
-14913.392408826772
-11074.321945645968
-14193.560877028
-15336.325856026244
-12617.065531864995
-10675.058578032342
-13967.727618682333
-17210.634397298956
-13408.160810546471
-19897.185871267917
-13103.597378642147
-9986.660379463465
-16529.68927706652
-44525.32633495425
-10667.312212004763
-16144.018767101525
-17169.440931369918
-5048.770027866186
-18267.680853475045
-14757.099069876229
-18811.120901351158
-15016.193953019048
-2894.7950408736706
-16989.150657442882
-16920.072667463464
-15482.564558077847
-16614.73607024316
-14449.298218651249
-19482.134933344598
-15484.213617266727
-16655.520727677067
-848.7479100834147
-6951.609356320765
-23023.987320196866
-6129.1710093472975
-285.5421119823117
-17572.872022717995
-1093.6950281914385
-10462.258217554905
-15151.128226596371
-25086.652538036367
-15222.712959902325
-625.4786490402097
-113.86694099318672
-14502.79478328608
-7790.510548170772
-15985.514998767316
-15200.913605541284
-523.8629055018735
-1870.6417372550088
-16243.659816622347
-16218.019052922855
-239.78227532665767
-6665.744041490141
-20062.50282445798
-15495.015594346793
-11331.447864280874
-27059.86211475321
-19684.237435251347
-10684.718867183396
-17259.58504691737
-13278.530445002887
-16779.195558844563
-2733.210414891856
-13473.50855120708
-165.64477299153788
-11759.04721802312
-15862.076111717137
-13405.307813212137
-57266.47840669651
-17274.94980380365
-11988.407759370844
-15584.394381726916
-14993.280996707987
-16694.344630140025
-8268.412389013001
-15699.076262578215
-15147.240144444833
-13118.309331328588
-14221.404863078606
-9261.115142610399
-14558.867912462369
-16096.037899708921
-14309.7190559835
-14060.610079090122
-14697.989975067861
-5792.712126483711
-11167.20829708464
-23209.35250869207
-16529.30434235422
-14521.463088761975
-14829.969828082192
-5710.262007711143
-18743.398303186346
-20507.60407372308
-7550.155052249972
-13105.588458032893
-19766.694075771396
-16987.791854601954
-6928.199382524473
-13078.298017852774
-11486.02243860901
-15872.114980924556
-7021.744784522125
-50102.09291923153
-5772.212577322866
-19990.786594191144
-15860.081468459652
-16462.776878488075
-22231.819940538637
-8958.297833668874
-13911.17579783191
-14294.84363706208
-11690.84671249553
-22112.77259132102
-2982.693922342152
-36846.79039019214
-14663.891113247884
-17594.764497087745
-16107.502215282884
-10769.080771529338
-17220.647241195988
-19722.238740026703
-16033.804525951764
-12807.038471420601
-17505.23155799596
-15017.52161281484
-15294.027920970902
-15553.345475699743
-13997.720010021812
-11048.039303667789
-15923.341400814546
-12301.26703350266
-14046.691410759566
-15358.52472515259
-13346.319484384832
-15045.55242308964
-30620.669740607194
-17026.460776111173
-191.9793467494119
-15646.433688109093
-36770.852706842365
-15875.638677024752
-15283.023757749857
-17422.38179033803
-13705.111296485846
-10872.98546096717
-13667.236250593645
-6214.72663827641
-14192.846503605728
-16677.909286237857
-13021.950845013605
-25629.695841459758
-23060.34507498354
-14177.609628299084
-18482.38977648211
-10565.128533483627
-9624.734251777805
-5832.5857308861305
-13735.85018931431
-846.7939037891279
-16581.45439883859
-43097.319657513406
-12619.410433731475
-14976.250648897667
-19226.859973763178
-23.739283137096244
-8768.657822117313
-15859.080112383148
-1352.7340942249039
-6577.914901986659
-13520.094365187735
-1111.3327377375701
-10482.464836494399
-5516.45243946421
-15833.210985756936
-15822.807953471925
-5350.236327192677
-14356.581255778325
-17587.022346048838
-10214.753236200526
-8801.838409700073
-10920.796355577908
-12883.956846497282
-236.15820315560376
-17796.04120561428
-28567.742548932176
-15653.21045802763
-17802.730794704305
-17221.67768791137
-5521.73823514822
-16521.86045751316
-8473.061679868895
-6281.285953002564
-12628.358633826401
-23555.121675990624
-9223.203911464723
-31270.437369425716
-711.5168661941826
-94.45279239896523
-9727.98384574019
-30600.776418319496
-16159.830002914898
-16175.741591763726
-14948.064631337811
-14547.723143772571
-9464.462155922933
-12122.36434444115
-17251.43174876084
-19843.161347418078
-4948.9580823273855
-12625.59944774536
-12713.928920627983
-12578.761202936323
-12832.205203253781
-7489.789866609275
-15915.03865668763
-13545.993822702387
-22761.704863870484
-15206.897453963615
-17693.66833142123
-15429.954905702532
-16269.422623793062
-11459.248050746508
-15094.760129842962
-33044.25045643977
-16243.676625644955
-14590.788806215365
-5250.12975170095
-14165.914684864154
-7043.946135266213
-17197.44454301322
-15501.392318896895
-15964.589773107471
-16231.579554354232
-16432.826064479807
-5501.5152260249215
-13251.255000462612
-9241.653004956968
-10607.799569599802
-18322.885111195137
-12733.810946547897
-18052.422905319567
-16667.99963454004
-14721.209363885986
-10848.443690812957
-258.9105417603714
-16989.503054102464
-11734.214859148611
-10885.18630678322
-2152.1334139702826
-26372.34457838948
-14746.946175884863
-13095.942285964118
-101809.06733598952
-15293.330004861316
-18118.51600727348
-15514.177972658928
-15567.57140193861
-15584.475366893439
-5696.522397806823
-16810.548385357186
-12305.857129369058
-19269.102424905708
-390.9160108100533
-16512.421720522387
-5822.003351033993
-223.36451786906707
-15804.767207679959
-21352.79999843983
-15471.833410986552
-2092.8599465279117
-4295.586234585507
-14296.595762781091
-1047.9292153391323
-15026.141277856199
-11263.411308950457
-24612.80608694054
-15557.540404225749
-12645.289530053475
-10607.891577186432
-17535.51180388887
-14218.552075868773
-13509.933177464765
-10855.482634635522
-262.59455636962883
-6963.740744186081
-13234.051907934956
-9023.590453600222
-14343.864822565583
-11273.665273006583
-14650.890343502138
-15629.628137990838
-19466.458156891364
-15714.384747662347
-877.5360514535055
-11586.99080103427
-9913.853093474649
-32450.599215137994
-12323.699564936856
-15776.196986712275
-14240.573587958284
-17387.36068788552
-14738.222445254107
-20568.629605590966
-14650.172417822247
-7548.491205885312
-16030.358606152384
-17324.449365688517
-16688.0510377454
-3452.9519005693974
-11115.792442144178
-18420.38809719622
-9060.964140448417
-12998.727136740103
-15672.529945196908
-9511.951652854203
-212.38497636261076
-29370.656393456295
-11785.271754466597
-18984.952929188443
-10125.54786640663
-16199.163381830653
-11329.513089381206
-9026.707404605902
-14698.327154867753
-15021.972982181038
-8435.25686096504
-10347.04545232476
-15578.884985719711
-12628.642343620451
-33781.545883342056
-173.03362579059998
-3141.704148009736
-1056019.0300870752
-16766.277370216267
-22369.848337958647
-12972.795885340418
-17719.487035715858
-282.7561942492133
-14965.11956653886
-21410.3442222855
-137020.3755263485
-7083.104164502772
-15614.161997259784
-85133.0817779346
-13704.780231916726
-14512.217258110431
-17178.18139859888
-9634.381315968494
-12448.16441427113
-5752.672678454811
-5097.450388156025
-15869.102667147905
-158726.4589494007
-14649.813245821038
-9516.407896932858
-11807.503035457501
-16008.459215972802
-15483.660468488784
-14655.156799964812
-14535.481986984414
-14797.570110699997
-4202.466130257443
-15395.66664811778
-14940.698551251819
-16531.892970033063
-9476.181497457852
-4326.751549022275
-16566.11738599534
-18251.513553167333
-13301.005808796788
-6.862229201315632
-16422.298846419857
-16119.961722887989
-15495.990196066281
-11316.513102352057
-16874.91722855356
-24584.8346596856
-17607.118297495406
-17952.019990971767
-17432.119775708223
-19309.512312772167
-16402.222757288557
-241.19640104099275
-13827.740133714015
-12659.918985468263
-15826.457432454801
-4184.892148929298
-14571.527058004565
-36713.43600646484
-2880.392659193381
-21952.67075469057
-28461.018624689324
-3747.7480349786456
-14322.77214487724
-14143.886687775312
-12414.331254967263
-6686.72632488795
-10902.420149076639
-16017.729848055305
-16241.516944644336
-15915.52640263481
-8368.370820281214
-10333.546464107625
-16970.507249636543
-14283.430927519543
-41825.07380544065
-10918.13193094368
-15116.986150854695
-16070.294854939148
-4297.909898215012
-13076.633823441625
-29933.556390715483
-3082.495530613307
-15893.922519484811
-20534.008194395134
-17372.692666311956
-15554.115344547394
-12828.026124791146
-14285.11758512117
-12379.556493169672
-17035.4815544682
-18064.485809810525
-1788.3151016133472
-3518.0308377012716
-11956.65179642993
-17092.45268435669
-12599.259983312686
-13761.569087853699
-18589.09715966199
-16589.495278752544
-8305.574331104934
-13302.663774875971
-11109.905425058654
-12781.145922727892
-12665.51179802952
-4046.735843291827
-10802.24437174857
-5814.420787059254
-22708.193593378623
-15570.116605624125
-16180.970767144052
-11703.726644911569
-8035.147650982026
-7923.285612700966
-1174.464471210749
-11596.91979475484
-16366.378413905859
-11800.378685977888
-101107.06575342554
-524.0325799556481
-12498.181935412598
-746.7135369309406
-1111.0575159559585
-14739.758638680913
-13069.334637819067
-13420.418723878694
-11610.919347457899
-33612.7347824533
-14611.272021274941
-4612.376123096394
-14540.138487204025
-13063.224909477945
-2482.1929951997413
-10999.315816845792
-12562.710271335613
-8953.294386089292
-15593.655780198345
-111.28918894063848
-14623.357039899432
-21797.24442171803
-1691.424767309278
-15822.853323964595
-19318.019865547605
-8998.822795931905
-14845.103348082033
-15511.18852842354
-5611.167062231011
-16382.969026431698
-13401.157199685265
-491.66316784618067
-3975.1455031715773
-10885.537341532094
-8779.699738191122
-2258.283788311496
-21087.37039874042
-15380.810940188565
-11423.626420431969
-13999.932382828281
-18212.116813659704
-11842.39684192659
-9709.06430740978
-16645.10216404143
-16683.431956609864
-15379.906244195574
-13025.583893311537
-15657.637543951912
-16073.191600163134
-20844.07543984945
-15414.962111590834
-12770.097248797269
-3774.0904131849275
-16868.058046420138
-31061.623631080383
-15066.257614211734
-22000.661321382715
-15847.375472800213
-15565.589015809926
-30039.51284327903
-16419.091442539342
-13946.876000533193
-15204.556421386378
-4605.949518549191
-18024.726478892742
-12726.182711875475
-16651.313020617275
-26312.944926825432
-14809.845403873045
-16033.068277079736
-29078.748464145538
-11791.511445150076
-16246.532362596336
-15487.129503372042
-13717.640953305961
-195.19404581017542
-16379.188501907474
-10089.740229303232
-13927.715829930508
-17155.539068218688
-1884.071849768546
-14686.726739876767
-14412.153484158434
-1008.1243864256461
-17606.66146712565
-21947.09637925725
-17001.380867513373
-15170.92063325333
-13981.800337251527
-100042.95045957285
-9250.204226724527
-1569.1689375999665
-16491.411237125496
-15557.512817335539
-16089.017577139153
-16259.527047581241
-14259.279525964963
-15060.75056582101
-19511.45824813988
-13405.794216543154
-13865.621527722184
-11744.930701658841
-15337.553494948672
-66518.05118954509
-12843.111795158438
-111.60881078864868
-16504.3048917895
-1353.100585608052
-11928.495145913816
-4989.7822680086865
-11552.980530686746
-19770.896271385926
-17325.375348634854
-13945.239425187345
-15430.511116023317
-14010.784953601471
-14835.954626590477
-15062.45631706916
-4673.106527000636
-15303.289846455431
-17234.543715546257
-11646.026578500927
-17424.825724182996
-16608.247174326232
-10536.664477810424
-15715.761987313552
-15453.220243734308
-19597.59959898274
-17304.323423288086
-9528.325659953762
-14463.316609325253
-11841.578733388364
-24488.710108723357
-1395.5307530144928
-2649.013581849532
-16872.618703694294
-14947.748238846236
-10059.14258761831
-18003.20163860664
-16473.22765343759
-20815.142975043495
-13734.672751602513
-15522.178739547107
-4841.807304192131
-15410.705230716048
-55210.75673349609
-1852.7357538941096
-1718.9752547424139
-16815.70180360698
-15438.242654936483
-12308.346208766176
-12240.71280588144
-12927.801387138441
-12140.863341472148
-15836.634119035665
-202.11575742044877
-14379.938633034346
-15542.635972039358
-13043.130250186978
-15573.689761878046
-14467.576472652727
-10651.662033303974
-15683.70656628615
-9602.461331429573
-14191.88997079508
-1394.9452258807344
-13978.651401560839
-10686.466332888367
-8968.834262741304
-14540.07398161988
-15852.467031955473
-19578.71629819028
-5143.868904815753
-13253.749552984542
-15900.028860831895
-37576.6401906076
-15441.69928059601
-22569.694596894795
-15327.162378398207
-111.17695013480837
-13572.572205063352
-14942.118213981765
-6981.808483800151
-18728.35167635368
-34.36054768294591
-15858.01625968358
-12011.188573974141
-60372.04132738228
-17691.825970245147
-72522.57773366933
-15893.142753153208
-15507.773491998816
-7808.479934372181
-115.51532144094425
-9679.98185264574
-14941.36168080899
-21096.101989654955
-16542.551139632644
-14766.900402589597
-12474.013057114198
-37924.7424272598
-10672.134076234568
-15640.989961623194
-19372.378041742337
-11820.447814207679
-16924.529931761455
-12740.24563455924
-17466.952549479378
-13871.683499550207
-14945.06079633775
-8381.30366173484
-12000.962454378709
-11179.174949940125
-8893.018575190803
-14602.696090097234
-15444.56085567877
-16546.404876918772
-15238.557945268896
-21160.485150469052
-15351.081241929849
-120.43045391338539
-14895.709371564442
-15839.24709082014
-13178.195197819412
-8032.641800392182
-1590.6792416899623
-7315.518676191777
-14449.66977799287
-28907.84384926211
-2459.158324489936
-23146.50039580403
-14220.14812713244
-2572.763289340256
-14609.83669159244
-15668.833382389024
-13405.274250786537
-14108.294441062888
-6978.6361183417075
-18595.164745675873
-15370.578193140189
-8280.973042619275
-8505.674215882824
-12976.78123969893
-13892.754792337448
-16567.608176950922
-19687.3276645171
-26779.38076320124
-4055.686822490432
-1905.1994267002585
-1221.5100028180361
-1229.9190194964522
-1365.1951485063037
-15016.43490430115
-10088.696654028334
-24282.550070623347
-11344.248893506458
-15497.336285058822
-17029.849763909835
-15497.910821176063
-14523.713135579172
-16088.213463528025
-11.47899231216971
-15198.016822667085
-19507.88765781548
-12215.085574199738
-14077.520387941899
-15716.22448688149
-19028.31963906742
-8700.327105149756
-14286.181041466913
-15105.934587309284
-23116.531809320426
-7745.8199598013425
-15510.18751108853
-16753.355420962034
-3771.724824546314
-17478.410485485856
-4878.673041216797
-15722.260721792429
-18651.97632361838
-14751.376616025711
-160.42878061508844
-656.9715935418294
-11629.888343714507
-12219.961662425592
-16951.95432980166
-38100.795586998036
-18220.325177077815
-5350.731284218621
-16137.985514021606
-15346.35117540143
-15060.684134987105
-14494.289699960942
-15010.364265778326
-10579.634632471885
-14320.588701522363
-13.30550944791951
-12301.143488460159
-21236.89990795655
-27.38439976212599
-15722.879576043948
-5945.227214043745
-10860.263091338144
-14530.692953025282
-20715.94099264782
-22463.169170266345
-21813.126073013384
-8758.404771564408
-15486.185968428525
-111.631547146102
-857.111137355861
-16334.068719786474
-15799.610201541673
-285.7009639760328
-23631.722485590224
-2601.9503606611497
-14896.405412628676
-13409.306753795772
-8494.091842572161
-16898.267205497894
-16165.646932372372
-16027.664188148585
-4173.225157610983
-11047.370499701477
-38175.50849330799
-13676.174678156563
-3186.945169618196
-6221.532320962877
-15351.291434348286
-10.611046679148004
-17966.560042560868
-57222.47542936853
-7710.527048692981
-10917.222692364168
-45357.5241732276
-8.312235554650847
-17911.42800874316
-149.86155177060522
-14779.327043063233
-9792.23452210498
-13000.618723855763
-710.3515993011836
-18804.21346185333
-14303.617948015808
-4798.464804319123
-16858.177946060245
-14393.350972394923
-20891.009939487383
-13764.150871635517
-15166.926807133055
-13749.595442362177
-7020.105363682824
-13938.810602716372
-2410.0101216057556
-15464.33281599374
-14573.687489232096
-16855.380906782582
-15836.102626857159
-9206.335219748866
-13942.549980333979
-17069.91311064089
-3187.109387551767
-11948.198331441836
-14042.969788355025
-15565.325937297965
-15490.689465511457
-17424.49654069097
-16134.814094585501
-10078.18212121486
-7413.283760015393
-15406.251763513024
-8800.568093700707
-13109.772982278546
-3748.517632309028
-5130.658260400808
-13412.600721424322
-13658.280981068707
-16458.927164604247
-22546.484524301868
-21767.633415879274
-17638.702132664028
-13202.246825692378
-11824.139493516917
-15602.395887234094
-397.2949231208393
-14996.887719935497
-14420.158872066784
-392.7026639086744
-13153.619217179496
-7849.291091360129
-17977.923004778542
-18646.637959589323
-12572.598195150182
-6533.558376628775
-15040.114157511494
-8034.489703491068
-8217.46558380864
-13644.003268448547
-15965.426955243494
-17663.355069712867
-13732.951491780655
-76400.0365877968
-13168.744583410691
-11433.63472244244
-16161.196647499923
-12053.373002908867
-23205.386369505704
-11043.547664741098
-6730.470522865833
-21902.497669243872
-18631.787129175165
-7090.121718593639
-16533.280390611762
-16084.912700679104
-13675.639892178686
-15550.62413952735
-2177.344115937891
-20394.122609374113
-15229.411541133342
-20720.029631707064
-14009.50193057457
-27788.606057560304
-9440.366462274464
-13068.890332218369
-27231.012635854204
-16812.743165157037
-7485.826997395905
-11330.743289271113
-1327.0086086253373
-17301.601939668897
-13311.450623409699
-12628.224842269394
-10607.65119294198
-12847.989068774954
-10749.381588819697
-16292.673219312983
-15786.553093087354
-15354.834163304944
-15678.466455700043
-19348.83445894654
-19428.390235067734
-10959.592038009756
-12740.074740402944
-14075.666114677811
-12007.44654517125
-12531.995305820928
-3681.8454262535593
-9205.284127549601
-15231.459059740591
-8167.677182862072
-19489.38411452605
-17556.497689366137
-7322.335701064151
-2609.889305513933
-15033.185569013149
-14675.323125673442
-12550.685053783767
-11921.50363413107
-12395.508754541788
-12448.934980071952
-11669.854136792152
-20379.39549801431
-324.9545314065209
-15969.162622222182
-6559.544054541572
-14561.21069996213
-8289.79384119956
-16269.953007981301
-0.49888998044875876
-15399.412961600337
-3440.4921478008764
-34649.216521209106
-14502.945767176278
-294.58406387515925
-19499.165936860176
-251.91923319318323
-16206.710756175222
-16557.947706779985
-15988.037925421146
-18578.545461280373
-15365.71180045252
-18175.94403665017
-330.37498720084255
-11799.027183623619
-15338.085510094781
-14774.175525244864
-12615.325602532726
-14789.49128882508
-12907.811520520574
-8646.631107227304
-12146.507215261088
-34426.6420498359
-14087.335311187066
-15298.769700794643
-11407.425822169353
-5816.15107087239
-20525.17806058893
-14067.16795626081
-13308.678338075844
-32989.93717257204
-15181.633062207271
-27372.11962628955
-15723.456049631486
-17184.18829941046
-16764.750542071524
-6163.310656986579
-12660.645322657341
-0.0
