-1232102.1530131649
-131295.11479370558
-12901.937428583922
-82642.44906733913
-113699.03770648802
-114530.8225210641
-89633.09427265597
-61944.5932702504
-208752.80333006362
-280531.2274690377
-27671064.45776582
-4621669.0004567895
-3547348.7404996785
-619411.3351964656
-597750.2690014199
-1981449.6401054577
-159952.05672362802
-34085749.0839677
-10573.274971066065
-29471309.182761166
-7928.02017591827
-4998935.321238095
-9971.07081712961
-119963.01201682675
-543029.1684137644
-5910600.216434337
-2297254.83187291
-4938128.54928709
-417904.6227755089
-138511.4024019592
-4835409.649011092
-3983.6269512550384
-1774.295523570979
-9487.651853137044
-36360.29864885465
-1380932.469816383
-1092284.0941259374
-733984.8602263724
-21878.1684486425
-823017.2777229581
-980.5154014790946
-1821264.5343175451
-377700.3970486626
-781983.6755272701
-1530194.4494107575
-3551.522640186887
-120474.25425925164
-1007117.9950527891
-158064.8280906161
-70328.118322931
-12844268.585815372
-7748.924810413999
-772085.743828503
-136674.4912496923
-150844.9263954934
-2002490.848388575
-78483.90812004409
-53006.680920963656
-9471.11096849101
-1485288.9276632979
-825510.9077445201
-7995637.809100399
-106764.84641386388
-6394867.0273820665
-4298864.017567528
-4.920356443719415
-272434.9899133122
-980828.908470765
-1378994.8101510312
-5769300.690139088
-162350.75724640707
-26091.610139062523
-1214374.6043696902
-6675807.583475357
-327.1920257067904
-20926.26699014191
-42139.15149658251
-896886.0338879485
-93629.94390776395
-6176570.107957306
-521642.2811518189
-533505.9871845911
-1487.6661625024983
-2378170.878436479
-1750996.097013018
-2336736.74083979
-290626.13523805776
-5895052.565931122
-116851.28386765934
-43115654.23661225
-1116912.8457874984
-624294.7220666888
-10736620.832318796
-43920.14001830047
-117017.7980218794
-2379234.328374264
-478798.5265634031
-7297.224699015014
-149764.066638784
-98579.90002666628
-1283.5473167436605
-751504.7393378937
-35612.818859860294
-3473.4906588259946
-71758.29544164283
-2339581.4312231415
-272446.9176320122
-44368553.68215786
-3029989.1030296064
-4297.272716049612
-56647.01079454981
-53.69967094754935
-143452.1440040893
-76917.65758750065
-95.20215908458087
-651250.3486787976
-6841005.100547661
-23798.036565914415
-106301.78602399773
-5078433.625600137
-12595101.935947426
-354.39820292784464
-523.7398839865525
-907412.0682428998
-42423.3465050053
-1953686.9148097434
-178338.13556711376
-470204.09897443035
-1743809.174037827
-849.3289053609526
-4729327.3682466345
-72001838.95635477
-254637.69749679387
-3025625.4283766267
-46422.61154524884
-3463638.6340796407
-7336676.741362686
-744379.4021289673
-17019.402527769038
-58586.36033002624
-315682.4502066875
-544.4040195557398
-156371.23231069627
-73079.49962283691
-995220.963588472
-1818416.3365399293
-343210.5477491336
-251939732.72086462
-7075.321371318987
-1819867.5970652497
-8178.920152093539
-460355.2002337595
-170338.6756587859
-651264.9733007372
-1392678.0080452496
-2185873.2876665946
-162211.94248537836
-697.7921858757768
-7738.970144166514
-59654567.71737302
-7101.331770295332
-342210.53105186444
-11941831.570110383
-142631.86614007546
-80534.0604368951
-1386326.3424305364
-520045.2429643246
-169568.36267231315
-163989.44573584065
-233.06113562917338
-100411.13819922006
-45154.1695528988
-23841971.693633158
-787317.5870746545
-7692808.176871608
-991.3909910444735
-76564.14979895408
-19936262.35096424
-1716361.078679256
-1319272.8462795652
-333.2363841582977
-103592.68349772939
-6788976.903033589
-25835.369355656276
-55849.34332222398
-141873.5615732273
-99495.71947581597
-1457552.3605023627
-343334.3101521269
-250715.58810237498
-3855.293546760703
-3601599.1276391135
-458.30731765301863
-556665.2892519213
-154151.40304314962
-4474396.926437918
-1309400.4171437095
-394003.75489929237
-51082255.41741249
-5597.6406693051895
-319437.0733171289
-359225.0471967284
-1956618.3524234751
-4344088.587830853
-1795475.4352970603
-2420905.45040784
-17226013.69278612
-4063744.4390908075
-39201.50547653261
-984126.8387230824
-4462201.388725488
-18951.804389582794
-399260.28602676827
-380542.43242106354
-4155.511011850526
-53436.867941774755
-2119804.659131309
-11032306.74463078
-995520.7627358089
-3082798.477392673
-19582.942324661406
-125302.89956995937
-287902.81433863
-68100747.10990073
-10452315.921828795
-6178299.550441021
-303357.1340106247
-9520805.214459646
-3017612.6222907826
-402573.5166412701
-164948.5006366399
-1075841.9612838
-361116.8148279699
-37541904.498281494
-15306176.63143441
-737020.2347710062
-1249416.6848928803
-477544.90261391975
-335377.04812342266
-5715130.783601913
-1513637.1344193812
-184490.8164908678
-6016278.992589651
-80828.83518039597
-113173.70873597146
-381869.2543419903
-31516.112435875995
-1511.1076118792098
-82625.08434507153
-393308.51295734546
-9052.198241306889
-141830.24627596387
-269452.42376897874
-143440.15297141607
-454042.22913671366
-59343.819111248435
-543782.550465539
-31431.724955052076
-614047.4859381445
-128663.43396670275
-4441078.446015138
-28560.250481163985
-21029.76656889447
-2045.8621294336908
-3606618.1317157564
-97556.09004271781
-208687.79885311358
-3256877.5680660363
-667210.4753929666
-3826.867561647714
-297575646.8968132
-172266.7861320707
-5285.339472730247
-507305.2110877721
-1057726.1389239184
-1336740.4349011497
-111637.70106162377
-120169.28785767354
-5095.872354838672
-321353.4645943421
-68538.61304874034
-5066.1145844285775
-1283820.3147948792
-576671.6996213443
-52414.130969232305
-246300.74422517788
-328412.8463710025
-570493.5284339059
-3472.5030098228426
-418272.25157182023
-3939250.0186776104
-92873.10410967834
-19406307.145741493
-114192.96671086842
-346748.1137631566
-1844.4003745950465
-1660307.4380777238
-54220.550932528
-164665.21063774527
-77379.65153550408
-9454.525529478755
-76299.46456498602
-111606.61662051927
-5157945.282436194
-11428666.791820483
-188436.38590518426
-6502366.952334815
-805.6893835529308
-178542.88259320354
-279812.15573006246
-55414.53355004079
-713959.6606478266
-509.7002206851714
-4024.734365105367
-439274.15538409393
-166946.639747378
-764531.7872903335
-52718.48987374316
-952621.3145319143
-134774.70491840746
-108622.72828978646
-86113.51427397339
-5250270.676317586
-205892.52059229038
-79718.23039376392
-148426.16068594402
-15250228.020689994
-16562.28662202796
-474099.6969562378
-3371797.4763387367
-120331.95848563526
-2821764.4913748386
-262039.44928956853
-1263384.9080922396
-32304.69376770439
-84153.84814691373
-67456.02486566416
-257776.1400785871
-2485202.7877971274
-3189030.565370426
-1054457.3625061195
-184796.42932920554
-291065.50519216195
-391515.73591172916
-2429.1121248184236
-6352860.931679093
-23823.21293087907
-5277.261812025902
-82909.64424048341
-334.2226059794758
-1992222.666544288
-568873.6075102753
-127972.3894816702
-1973449.018954849
-27574.978088741405
-21061374.637052923
-103041.89218037794
-70061.3447288087
-512093.9506052655
-1957.4873947426156
-451023.76642243884
-1529928.8985534178
-265548.2783190268
-4305628.588506614
-1175954.763875989
-22100.298661811154
-6836792.439916541
-2394199.2468230976
-106540.636292607
-148999.8525814364
-1134540.0951340457
-10842.210106397624
-1712.5010967780106
-24408.657571037398
-6320881.880681156
-3829030.188780405
-17578.961078509477
-17551.459604860807
-630375.3135117644
-10826452.369404444
-4.211509716382947
-26900.959769421035
-129620.95150675342
-291105.64963636507
-1261.4325318403792
-1800985.2340773006
-4526.411888263609
-3860506.116499943
-575821.1268009722
-405666.57781607145
-13193631.761460774
-887175.773984423
-26680.662977048938
-1054241.5127319207
-440263.6337070597
-4459479.820423296
-13954.882177918978
-44268.87134576024
-97583.89812777465
-2198702.9097461784
-252.6195884244678
-50.67914054730663
-167868.93633544073
-12309199.761769993
-214397.13339748236
-68968209.40050757
-30756.78245440633
-8270699.498162997
-30756.892677402106
-37248.37281559921
-16454831.826086367
-1169.450034499293
-24807.704670248997
-0.5640420908411047
-46023.35581526371
-9935838.839065477
-620504.7420434006
-116.11227174868613
-442805.18525661976
-936130.0968660257
-6165.799241161128
-23764455.853604876
-150794.57760843902
-79850.90880077425
-239849.64273048413
-1502911.252261853
-55035.80032862817
-353346.0525547687
-222162.65622986722
-39.17603600531548
-93285.24272395547
-318850.42521028547
-304.48072163866465
-70368.37851825822
-71358.18702049663
-8451.53200050305
-291122.0542057838
-1388887.0808198233
-11233.452620614871
-38567.77101200227
-2874974.301199591
-84195.34654666792
-14778.68607142258
-1942205.54313657
-45793548.30688387
-2952.769573025996
-922967.5108685304
-59044.212701334014
-1947.3157889650633
-348195.909703183
-527639.7932972756
-987066.0175129244
-637141.3549913
-2.03365898783695
-68111.93341909134
-1447266.8993977322
-15778108.856029077
-32540.07611489419
-49023.732777153586
-499460.3787776779
-989225.0382097325
-660640.5690651757
-3337.633015709856
-237950.48657944996
-916191.263115861
-170298.92077062425
-454133.4197892752
-1252458.2407345353
-71778.99309109127
-1639.1987911176757
-33223.46424968351
-98635.1177474616
-14424914.321256535
-1598522.046412228
-21512.10661150848
-69852.89158181235
-42187.126545352054
-80452.82844352625
-355832.19567807455
-763444.7166335495
-200467.96285640638
-7877.092472331127
-13218.787426168768
-14428.197200128056
-4981620.039077066
-11399307.794482548
-73055.91530978862
-55032.520024562895
-219685.5407099787
-45548.85775572249
-10543.640378803382
-12938308.026052931
-1772244.4698453299
-4309914.08236758
-119580485.68033658
-453118.15141328535
-18258.37511162712
-2883827.347221192
-101044.86429405089
-0.0
