-10052.200490763338
-19857.324441199773
-9255.141028690476
-19850.564719586822
-20005.940149800474
-20001.540524700584
-19956.040588380976
-19110.28240548283
-18609.40843531559
-17365.96153100612
-2248.2199654788938
-5429.789427931387
-6166.744008582471
-13365.96000056046
-13548.868870832777
-8112.260973226122
-19455.956071720793
-2026.2060760525671
-8011.694276220734
-2178.6894645895613
-6409.1111581508785
-5227.388526681314
-7665.70354215104
-19965.636538254144
-14044.801941831278
-4818.67941028514
-7573.897019946924
-5258.486374428811
-15401.100533018109
-19770.07782305107
-5312.302380460205
-3566.4107947746456
-1687.2796635748707
-7380.180124590555
-16423.790324909758
-9557.567626900502
-10593.715371177012
-12504.72345399964
-12924.239808209017
-11936.979380043149
-953.444399900268
-8433.055282474294
-15917.79625553146
-12189.079040803568
-9127.874463912965
-3216.702553803132
-19961.66136717889
-10969.24606243242
-19486.024509275856
-19505.674613599465
-3291.1311550070877
-6292.494202709735
-12252.260469881383
-19793.40728714727
-19597.36830491714
-8072.777984832637
-19759.736491789292
-18483.66920242971
-7370.285140500089
-9251.044415583137
-11922.148159799206
-4156.860389451562
-20029.56232113172
-4637.141757139568
-5622.981791609175
-4.9196587546124535
-17499.901946994258
-11093.367215364144
-9563.548710756972
-4875.79515904098
-19417.238374816126
-14183.501181920936
-10116.334221038753
-4540.782385513026
-324.13059657014156
-12604.596688590887
-17309.39707670266
-11519.347679388688
-19993.89207027709
-4716.397536610469
-14253.10450152453
-14136.487425286587
-1426.0848435598907
-7452.333023140631
-8586.263357310034
-7513.8459001864185
-17201.74805116004
-4824.866033966152
-19987.67487030026
-1801.7848972568847
-10492.033592833272
-13325.696026895792
-3595.7284677080156
-17541.07557172913
-19986.592870704397
-7450.774008484548
-14697.834668427908
-5993.4796194158
-19613.469363199
-20021.788576468767
-1237.486548550905
-12386.762574060229
-16292.353406430044
-3152.6621627241257
-19558.464026168225
-7509.574021588741
-17499.703185726452
-1776.1641153062826
-6647.9845375395
-3815.126873651789
-18769.054837895514
-53.61666608062312
-19704.00124479676
-19719.266412796955
-94.94153072835755
-13109.569528980854
-4486.849107410273
-13527.957674339848
-20030.23381371028
-5187.550643911983
-3323.16088459752
-350.8088180717448
-515.9322775836335
-11463.273165699577
-17347.5572284788
-8165.25118991589
-19148.076611887453
-14791.777646958839
-8602.406230655428
-828.9542581420674
-5369.650255546791
-1393.6653879598762
-17800.97572575816
-6652.534937685284
-17838.24088945332
-6237.569876653889
-4335.862394651295
-12434.343951700033
-11133.416400506672
-18903.440500883244
-16807.96036286896
-535.9723012774706
-19512.690297501464
-19603.91913046699
-11024.905259580122
-8439.10718860489
-16398.220831094
-740.1754530589608
-5843.971381263008
-8436.021900831896
-6570.665055989014
-14901.494178241446
-19284.842648339785
-13109.455004710499
-9521.549028310315
-7751.370351023837
-19419.493486717267
-683.9900564506075
-6285.9802643746325
-1531.5361422508986
-5861.586316032477
-16412.689929780892
-3411.783622765585
-19715.285920540253
-19807.40919462893
-9540.976570650531
-14269.01069451497
-19297.814307608678
-19390.489315393355
-231.50432895234144
-20027.378054451397
-17691.582690736086
-2421.3134969641856
-12155.424355120847
-4236.322296285762
-963.7232143611559
-19709.62437384149
-2646.6125958857087
-8664.903553448326
-9753.545256477553
-330.06125790236905
-20031.634735307176
-4503.627562945004
-14113.577646716209
-18710.35165292162
-19725.610779795556
-20024.88340255832
-9329.64465389703
-16396.43228546246
-17868.47298627946
-3463.410884071515
-6122.110030503604
-452.31940008467666
-13916.403992258458
-19547.153617449487
-5515.425121257521
-9786.048632261385
-15702.86447564195
-1655.26945322693
-4802.380591432504
-16750.666737493557
-16170.696286317618
-8159.607089035774
-5594.6707840514755
-8488.33040872413
-7390.442417143934
-2845.7729656068727
-5777.417260260412
-16886.573253223025
-11077.568178523004
-5522.699392255203
-11894.813488841304
-15635.162370490169
-15879.781971596996
-3703.2384758180647
-18519.801727785645
-7862.709004383779
-3547.861165913973
-11023.4923972887
-6593.6443167222105
-12128.844380618712
-19919.60254875036
-17245.73831034473
-1433.1635310829672
-3643.6269778480564
-4715.7535965359175
-16999.18443419908
-3815.0816368592377
-6660.914968076102
-15592.881066974694
-19374.72869581435
-10663.247969208085
-16144.334179077436
-1930.8254085794422
-3017.495575466284
-12484.051414492784
-9990.714057662004
-14711.434923627905
-16512.395033593893
-4898.23587808952
-9172.717544511925
-19040.843186961305
-4777.249120807994
-19813.791234262713
-20008.557545671236
-15862.114588462346
-15491.382324984354
-1447.604984144613
-19850.23247850234
-15711.876471790461
-7116.867117043543
-19726.197381607828
-17549.73353964588
-19704.16706040901
-14973.00617549317
-18952.86021429838
-14037.620287952777
-15473.336545736971
-13410.59132521607
-19885.934684010546
-5535.366905956582
-14817.712558447627
-12640.03587368831
-1930.8946468006945
-6118.02943756248
-20017.59728054416
-18610.57129997498
-6423.513806313977
-12986.28339132555
-3440.498356569105
-679.8099725353279
-19252.2080011443
-4571.550662234799
-14397.709441029107
-10741.447607668013
-9696.815181540307
-20015.472044149676
-19964.04425531611
-4429.612109686758
-16721.59593427243
-19434.080213778703
-4407.187387369705
-9871.79054240724
-13733.923295001703
-18432.782684940717
-17944.905317432946
-16615.510839421626
-13789.5457232088
-3151.8498438495276
-15396.57853157057
-5864.514159921155
-19987.84158227203
-2682.277515776171
-20003.364915095553
-16347.28458346194
-1750.5248819389628
-8796.863194977232
-18583.913744488902
-19379.39200736986
-19731.58193321688
-7360.355084382271
-19702.27943776853
-20015.600358433523
-5148.602566495927
-3486.5924452314084
-18971.39425535219
-4599.551357619491
-787.3357922183183
-19144.532965117683
-17377.77781735678
-18677.475579978814
-12643.650432487877
-502.3031265251974
-3599.251042879215
-15144.021652244155
-19341.65653952018
-12301.12977522097
-18459.08334056038
-11231.276801004693
-19816.760540044626
-20025.66614874461
-19909.715039137653
-5104.459048418444
-18660.574408217475
-19789.135508810425
-19633.170875620046
-3022.9760694162446
-10942.851979476472
-14748.991109370256
-6318.150245092441
-19962.777468884444
-6876.10548130991
-17674.692838319996
-9941.918022368134
-15656.84083473457
-19878.06625187176
-19387.61913600843
-17747.251038306014
-7300.155577682912
-6488.245374151796
-10755.739629231382
-19035.48065736007
-17194.672459299374
-15735.177573181949
-2268.4557448493238
-4652.082590895373
-13535.528740025762
-4565.52877997562
-19855.62973373845
-331.0287333069463
-8091.973865172944
-13804.236551444577
-19893.129860554225
-8127.426053342954
-14572.912307366463
-2575.371603533567
-20031.37006975108
-19495.400219540326
-14348.953063788129
-1852.0231757585857
-15007.53202173018
-9128.588516766595
-17615.351127083413
-5618.719789156809
-10259.608832408705
-12996.8346287332
-4488.200673611868
-7428.938483973316
-20029.90271296931
-19624.754534868225
-10421.011222449773
-8162.830409213963
-1631.3246219151063
-13709.168079274501
-4663.554209675665
-5945.000086679601
-11361.104857550676
-11350.05527572238
-13276.045926165132
-3580.9818811987543
-4.210998562317992
-14399.162747107246
-19875.74282969006
-17194.026275363165
-1216.9222664783392
-8476.430042211994
-3994.1659999707585
-5921.678419519604
-13741.543067572573
-15553.68019363672
-3247.739855914621
-11571.799880685174
-14341.232603218246
-10756.68537071784
-15132.397133526918
-5524.326653457152
-9771.863692012483
-17584.41473012721
-20017.721537130168
-7730.291765090885
-250.79137863972434
-50.60520551554803
-19326.28908307283
-3361.089027049302
-18508.47435319849
-1424.0927527604126
-15326.581483410757
-4088.4266617931617
-15326.60580543126
-16574.551231823614
-2911.1688352244005
-1131.1118772540474
-13824.913101876893
-0.5640329215179879
-17792.932576322488
-3735.7614830951316
-13356.914341675607
-115.72477623340596
-15102.649268044273
-11314.28840299235
-5212.562694006228
-2425.240948726627
-19598.121894044187
-19792.169115656245
-18057.40179665234
-9202.120230555447
-18648.32463605735
-16253.311502415896
-18369.929923776235
-39.13184309147246
-19991.198538784818
-16759.589204857657
-301.8281095605116
-19507.213309072245
-19544.078786201164
-6743.829278662425
-17193.762234136084
-9533.129958843185
-8379.070924571079
-16788.180156635248
-6815.588901873723
-19878.78255448338
-10157.948996194227
-8187.469993810881
-1748.3059560446889
-2718.1900772972876
-11381.8605916572
-18933.512412595293
-1842.9202569082115
-16326.549554560786
-14193.813075198163
-11063.543716042597
-13221.420904832272
-2.033539793620985
-19416.05959869683
-9359.301943558432
-2972.421144234753
-15705.135885159569
-18115.215855136084
-14478.592839994924
-11053.275217364811
-13036.625757042137
-3040.5068542882273
-18090.69105995368
-11417.115179668628
-19285.513053618506
-14971.966492393245
-9980.028135981942
-19559.20021687706
-1564.6963465231584
-15842.581066705376
-20021.992475640927
-3107.448039687503
-8949.505124716643
-12802.97610581192
-19487.27626216541
-17315.871423489134
-19805.630068253235
-16218.246811225694
-12308.209472204935
-18757.53740644231
-6376.060574242175
-9413.460079231916
-9995.582658137371
-5236.187746626189
-3491.0223996393474
-19603.13472104963
-18648.070036123358
-18414.064550164578
-17738.071074760963
-7994.914139274864
-3279.280805163441
-8539.06059417757
-5616.024727432396
-1079.820799775895
-14983.55291938026
-11629.558486696897
-6805.674097724713
-20028.763544372672
-0.0
