-178113.85441773516
-90631.61782222868
-12386.65659417845
-64766.756655434525
-82070.72799268815
-82494.2494115208
-68929.49188757833
-51415.316353936985
-120096.25521240912
-138753.96486858343
-59362.630786577516
-128995.4549867718
-141297.15289362305
-175014.2628517235
-174067.23658883944
-165645.30228844876
-102946.67706994464
-53724.41842667027
-10225.113589196604
-57604.67130610677
-7730.91750633523
-125333.90665804411
-9660.952897594789
-85213.06358801553
-171137.57048451225
-117582.216972547
-160107.7426678552
-125904.22561458003
-160556.94060238873
-93912.74874381951
-126884.56698945121
-3933.3429771400793
-1764.2616698608072
-9206.520902780612
-32503.16364070118
-176021.014304281
-179589.88028287084
-178461.7936074263
-20430.21186290786
-179775.86738714817
-977.444670821559
-168508.96964053085
-155575.5256732925
-179289.79703116577
-173608.87289236413
-3511.509935619173
-85464.79613098396
-180128.9516833692
-102192.08547748423
-57016.55267184077
-84728.73076504325
-7560.538312922404
-179143.40204675237
-93089.59930601006
-99234.81201914919
-165270.40524795852
-62210.603633784296
-45132.76446791103
-9190.947316828288
-174357.57359742175
-179799.5304301772
-104061.42092752218
-78463.29555303098
-113989.75652130449
-132378.20246715346
-4.9202789162870815
-136964.4236326114
-180222.10619224102
-176050.65780818963
-118693.73323356059
-103895.01783282905
-24054.05511206706
-178332.61339531303
-112046.55938118714
-326.8494990813757
-19598.358276180483
-37031.24127250111
-180228.3815593072
-71236.44515020767
-115569.23475886605
-169753.12650379355
-170539.24759322306
-1480.6069254954134
-158729.9422753875
-169762.52894455963
-159432.99861631927
-140888.85594754692
-117703.0500596793
-83665.5685457811
-47955.137861136485
-179376.36960922403
-175212.87219133208
-91728.47768506072
-38395.26414795709
-83749.04834097755
-158711.96732640947
-166501.1583903533
-7129.962863584914
-98782.27286015848
-74022.47120179575
-1278.2894888215246
-178799.39340044593
-31905.822262576694
-3435.2090034253956
-57945.13485476294
-159384.56227286556
-136967.1123400336
-47292.34505741218
-148431.78597130332
-4238.807433877837
-47731.597661847605
-53.690437816712986
-96086.92826894463
-61231.966082685285
-95.17314216907532
-176217.35058757296
-110948.09016591257
-22093.121751524744
-78217.42324816271
-124599.22340812196
-85474.30820067566
-353.99637471028717
-522.8626960632324
-180254.92331447717
-37249.88043087357
-166140.70796159154
-109920.4856501416
-165763.45299358913
-169890.334942782
-847.0240885489696
-127919.97594306969
-37307.01017669638
-132772.59355076068
-148495.79514245113
-40287.4028236623
-142392.34590492328
-107832.09205277996
-178667.23139834925
-16132.224930647217
-49093.47114128195
-145758.8133616701
-543.4562994908064
-101508.4916523237
-58796.16371849097
-180175.8899338808
-168559.88200674325
-150475.56018889003
-19936.308070680836
-6917.9858693944
-168533.94102343588
-7969.282402560151
-164879.73732554357
-106968.41143649236
-176217.85511108907
-175840.23128246175
-162034.8626022999
-103840.46207717674
-696.2358185031302
-7551.0624538865895
-40924.712264418835
-6942.848167300676
-150314.8468803453
-87525.73781921665
-95729.93551265905
-63478.383778880125
-175938.22446575112
-169643.73610518005
-106677.59375922049
-104536.0433339223
-232.88730045612266
-75033.71826231368
-39331.86815550932
-63706.315624131785
-179363.78264431236
-105745.39958367751
-988.2518542174316
-61009.8638248796
-69285.97511513936
-170377.46814882485
-176936.7500066977
-332.8810910840236
-76766.21269703851
-111290.64906386762
-23836.349788248477
-47166.91560225414
-95398.51749978677
-74529.50084832261
-174811.2069799008
-150495.39691716564
-131798.49147379113
-3808.1812183100474
-140599.02367869095
-457.63550113289426
-171946.02399478026
-100603.17816384451
-130508.54370056669
-177077.58993399978
-157710.63807495692
-44154.11792728196
-5498.778021371003
-146439.3081207226
-152947.7026146087
-166088.3633597265
-131889.4060715862
-168969.7114526711
-158010.4273526683
-74143.55117322919
-135002.35737951173
-34749.1680984221
-180212.565401256
-130636.07455341308
-17857.15991201727
-158364.59239476811
-155959.70151545547
-4100.819012810802
-45442.79910618159
-163192.77455631466
-90642.10430257903
-180174.80253025095
-147662.3744902342
-18416.058425451847
-87808.03571249073
-140323.17880327348
-38345.41795295344
-92810.34007163394
-115556.47066205715
-143436.69299871038
-96639.33187352725
-148613.50442001186
-158768.48796290916
-104908.65887650778
-179719.1857450252
-153227.49308246895
-51280.60839159473
-78271.99246001769
-178523.36337973794
-177892.88942028047
-166395.44624380072
-149195.88308164835
-119127.9657639988
-173886.81678530143
-112109.14725584874
-116770.30413223995
-63659.44686054149
-81802.24362045433
-156137.29095102334
-28583.331087071583
-1503.8246085902301
-64756.20884461461
-157622.9175914471
-8795.989842130086
-95379.54584197537
-136287.16481752903
-96081.72092804011
-164290.95419305385
-49621.175919918605
-171183.69904572592
-28514.015912430226
-174789.93594395483
-89402.84579071419
-130857.78461412623
-26133.9698291596
-19689.043103847747
-2032.5313596427861
-140534.89238028319
-73452.56592594145
-120076.14785174398
-145193.67231323643
-176743.28641848822
-3780.44392206258
-18317.339538783082
-107691.23136449643
-5197.127929065658
-168739.6415711728
-179848.50361505084
-176683.4301630716
-81012.74623676427
-85314.71730073902
-5013.830832940507
-146781.94546269826
-55843.77386279372
-4985.022076846659
-177434.14028518417
-173035.2571979838
-44704.41898695368
-130679.22044473345
-148017.33454018165
-172710.7284438823
-3434.2430212301997
-160598.249111355
-136450.64166158927
-70803.58777597317
-70161.15464087644
-82322.45667381065
-151037.97854597057
-1833.5599736615943
-171366.07494029423
-46005.571366948556
-104798.78898311855
-61521.54877381312
-9175.330149943497
-60843.2713044525
-80996.69985523728
-123876.5386642066
-89244.05424858519
-113476.54538350205
-113234.67288441154
-803.6150892938638
-109994.44577027523
-138597.86446074926
-46857.98502208019
-178021.68184097632
-508.8694001090981
-3973.4128451795787
-162842.2062015607
-105678.99286093574
-179023.48744540074
-44924.623428152445
-180276.89479511895
-92229.6711657708
-79443.45225363455
-66854.35429821162
-123052.20015754452
-119205.20662674498
-62975.670987246755
-98218.49963556825
-78402.80336389666
-15721.138496183405
-166101.61748752627
-143619.50496549995
-85394.80127254347
-151560.43114310192
-134560.46736795356
-177709.6730418198
-29229.34257388116
-65680.8307438736
-55128.3454601453
-133538.62501467636
-156938.95175337352
-146143.63257977733
-179870.30279890448
-112216.05818924888
-140979.42319683763
-157395.37953696097
-2410.3381710903877
-114288.81494177063
-22114.797669669115
-5189.317819463013
-64928.92664828346
-333.86520773479924
-165453.28883803543
-172623.9160249276
-89077.27002466399
-165787.98694406103
-25307.62335431261
-67531.06808132838
-76468.47867903206
-56842.48970791797
-169086.1212000043
-1945.2805786768022
-164003.09023988913
-173613.3468772329
-135385.58900528762
-132304.77068028375
-178778.3433449669
-20623.62357902329
-110975.71220168081
-158459.398524917
-78344.32510273988
-98460.7360229713
-179209.93147036197
-10476.3685484025
-1703.1524468554333
-22617.895102540217
-114518.0225228565
-137768.55531438751
-16633.845679170106
-16609.23262711722
-175452.84184666554
-91394.34952261864
-4.211452917642452
-24739.43894928001
-89851.95433806548
-140987.68856389847
-1256.354023019332
-168871.3259647705
-4461.584655894595
-137388.70191891678
-172991.1894572501
-159139.85909550998
-83715.20781044794
-180196.1443011539
-24553.22214978775
-179871.72534768458
-162942.49633636398
-130664.58189104883
-13353.704341077835
-38660.647117514905
-73468.08859480146
-161811.21551447216
-252.4153632247267
-50.670916838512596
-106031.85270985174
-86354.34422576633
-121817.20040753976
-38107.08442768228
-27958.33627473296
-102598.37718329833
-27958.427208455538
-33209.34986526901
-75722.46829612796
-1165.0840940895648
-22959.77328806692
-0.5640410720377972
-39987.41978979658
-94876.47061203921
-175059.19384079264
-116.06911093080683
-163197.9421185961
-180285.38184225894
-6046.028334475685
-63804.31426020151
-99213.78940609777
-63057.58712420787
-128999.10537233195
-174065.72455771748
-46588.249272268906
-152061.97274097064
-124106.23514642542
-39.17112168396982
-71039.53008941996
-146333.7888753089
-304.1840781517235
-57042.79805979308
-57686.12738997781
-8227.846180674675
-140991.06564968254
-175898.78219970362
-10841.131416282444
-34251.533634378204
-150746.44058878123
-65705.81750560539
-14105.867062467642
-166345.79249396775
-46570.75248699628
-2925.067224263558
-180278.80896415497
-49412.72765915683
-1935.2351763505128
-151265.4371466503
-170156.31168683938
-180203.53150397725
-175710.52813357362
-2.0336457437544833
-55562.339911414296
-174977.50079546982
-77193.88607477909
-29421.568027316345
-42224.35436913924
-168154.22268095572
-180196.5798423783
-176532.69244558908
-3302.2746790419883
-128494.16140183459
-180270.60152444645
-106953.43130063503
-164299.586361833
-177853.3620710062
-57958.5170354502
-1630.6316670412623
-29978.098164604096
-74053.1153852459
-80411.42521155806
-172442.27509483165
-20110.895928283433
-56706.29189588801
-37068.17603717813
-63428.43396623817
-152439.5584075364
-179005.63383720606
-117479.35335216405
-7682.487979091044
-12678.330696745445
-13786.332257219106
-125495.56340978626
-89345.41964246481
-58781.02920557573
-46585.91038491362
-123385.74881813506
-39629.969946077035
-10197.40117617128
-84452.32875006914
-169384.144257801
-132258.3084062973
-29005.06638284277
-164203.26772097143
-17240.565250353764
-150611.97752487325
-75381.26924078044
-0.0
